8.79312 35.2581 0.00744987
2.25486 8.14197 0.00890538
2.31729 8.24028 0.006761
2.49935 8.30463 0.00660229
2.73675 8.32556 0.007015
2.83307 8.31334 0.00650854
3.01877 8.26972 0.00675312
3.22483 8.26163 0.00650883
3.35929 8.33006 0.00652429
3.26681 8.48522 0.00628488
3.48166 8.64911 0.00687367
3.65201 8.62961 0.00633738
3.64965 8.35826 0.00643792
3.68561 8.51821 0.00635883
3.91544 8.61415 0.0063195
3.87741 8.72174 0.00686283
3.94871 8.64263 0.00603904
4.09777 8.67811 0.00630721
3.91853 8.64407 0.00641671
4.03706 8.70029 0.006168
3.96389 8.65259 0.0064325
4.08651 8.32038 0.00635283
4.17053 8.62432 0.00651342
3.94786 8.68901 0.00646654
4.36845 8.99378 0.00769388
4.11403 8.71112 0.00635433
4.14298 8.76221 0.00633713
3.96087 8.68885 0.00654183
3.98198 8.75136 0.00648108
4.01924 8.71964 0.00645017
4.02189 8.73014 0.00653704
4.00721 8.65055 0.00631933
3.94249 8.65757 0.00614471
3.9739 8.72265 0.00630871
4.0345 8.71046 0.00640063
3.98655 8.68096 0.00664054
4.04346 8.75425 0.00637508
4.04234 8.68497 0.00629592
4.2995 8.82169 0.00641567
4.09278 8.75283 0.00592067
3.78992 8.81066 0.00657204
4.22534 8.6101 0.00609213
4.05725 8.70347 0.00657829
3.94859 8.60246 0.00633633
4.02894 8.75185 0.00628908
4.07165 8.73473 0.00644967
4.02804 8.74158 0.00654425
4.21091 8.70106 0.00657558
4.22362 8.50101 0.00609621
4.04862 8.52566 0.00643904
4.09677 8.69352 0.00624554
3.91478 8.68782 0.00649717
4.00712 8.74684 0.00631392
3.98782 8.76371 0.0062815
3.82667 8.71213 0.00642438
3.7746 8.80216 0.00711117
3.94966 8.9471 0.00642871
3.91171 8.87094 0.00637417
3.77024 8.79813 0.006556
4.09517 8.55371 0.00631929
4.17035 8.78741 0.00678983
4.00435 8.847 0.00638496
4.00671 8.89202 0.0061535
3.93212 8.93066 0.00668429
3.95359 9.15021 0.00647171
3.88222 9.13334 0.00640633
3.90981 9.239 0.00629387
3.86301 9.12955 0.00638413
3.85327 9.15778 0.00640346
3.76234 9.21325 0.00874121
3.7769 9.2073 0.0104176
3.43722 9.16826 0.0112137
3.57262 9.20513 0.00955496
3.69072 9.33706 0.0111222
3.94893 8.98944 0.0123125
3.7729 9.01299 0.0119431
3.6502 9.13089 0.00641808
3.61705 9.23848 0.00655304
3.77868 9.43216 0.00657096
3.79506 9.49602 0.00667446
3.73666 9.55818 0.00826629
3.63582 9.56576 0.00943933
3.55904 9.58954 0.0121589
3.54971 9.68857 0.00989729
3.58381 9.69315 0.0127113
3.77427 9.39374 0.0139711
3.5288 9.53716 0.0141162
3.607 9.5574 0.0101063
3.56227 9.78797 0.00949492
3.57024 9.80143 0.0117897
3.79458 9.74421 0.0131855
3.53197 9.81215 0.0132772
3.47699 9.81514 0.0127556
3.45628 9.87343 0.014751
3.45028 9.96703 0.0141262
3.49387 9.88923 0.012819
3.18216 9.76772 0.0139574
3.2862 9.93074 0.0131783
3.43409 10.0497 0.0139577
2.97439 10.0373 0.0132142
3.17406 10.1415 0.0127275
3.19225 10.0841 0.0124178
3.19007 10.0887 0.00762563
3.26845 10.1159 0.00661079
3.35663 10.1485 0.00648425
3.23847 10.1941 0.00618871
3.29372 9.78751 0.00703471
3.33521 9.9649 0.00913079
3.17051 10.1 0.0101693
3.31196 10.3145 0.00924896
3.12173 10.3975 0.010562
3.19596 10.253 0.0111408
3.03298 10.1858 0.0125864
3.08778 10.4933 0.0111046
3.14229 10.5144 0.0117337
3.20131 10.4566 0.0133076
3.14299 10.5043 0.0119888
3.08723 10.5818 0.0124516
3.11926 10.5629 0.0123193
3.07226 10.5469 0.013483
3.08978 10.6249 0.012871
3.10857 10.5483 0.0139548
3.09413 10.6793 0.0131292
3.09256 10.6972 0.0129787
2.95669 10.7131 0.012
2.97232 10.6997 0.0119673
3.37933 10.7365 0.014905
3.07092 10.805 0.00962288
3.09387 10.9105 0.0118638
3.38224 10.8598 0.0118078
2.93601 10.6764 0.00835904
2.86998 10.6735 0.0107397
2.73437 10.5443 0.0125998
2.72589 10.2046 0.0144439
2.55401 10.162 0.0149348
2.45955 10.3204 0.012928
2.36108 10.2967 0.0142297
2.10098 10.1887 0.0131527
2.10478 9.98542 0.0123381
1.96854 10.0535 0.0127022
1.79184 10.0723 0.0129886
2.23382 10.2916 0.0127471
2.33283 10.3931 0.0126022
2.46774 10.5445 0.0138625
2.50063 10.6946 0.0121775
2.65086 10.8593 0.0118139
2.8331 10.9601 0.0118787
2.73043 11.1221 0.013061
2.62678 11.1512 0.0129117
2.94456 11.1693 0.0124229
2.79646 11.2964 0.0135655
2.8232 11.268 0.00994688
2.72911 11.3492 0.0113352
2.80971 11.442 0.0109378
2.70822 11.4511 0.0116557
2.71365 11.5464 0.0121086
2.70125 11.4925 0.012385
2.57777 11.575 0.0130484
2.60978 11.6019 0.0119744
2.60406 11.6471 0.0125437
2.60406 11.75 0.0110072
2.59632 11.6506 0.00984279
2.63624 11.7711 0.012357
2.50549 11.7614 0.010738
2.51707 11.7611 0.011984
2.80746 11.9767 0.0118935
2.54501 11.806 0.0123387
2.87405 11.7212 0.0114602
2.64866 11.8019 0.0122036
2.47398 11.8829 0.0129619
2.35272 11.8833 0.0128707
2.22971 11.9046 0.012801
2.36839 11.9162 0.0117728
2.42806 12.0809 0.00977446
2.39807 12.0455 0.011156
2.32211 12.1462 0.011026
2.39794 12.1967 0.012117
2.36066 12.2956 0.0128299
2.35622 12.2052 0.0128652
2.37563 12.2338 0.01208
2.35722 12.2596 0.0131143
2.43421 12.2586 0.0135646
2.34222 12.3796 0.0109693
2.40223 12.3941 0.0127236
2.31136 12.4324 0.013213
2.3836 12.3396 0.0133562
2.30083 12.4416 0.0140437
2.35716 12.4766 0.01321
2.31592 12.4518 0.0125087
2.33124 12.4822 0.0116583
2.07417 12.3889 0.0116321
1.94724 12.3294 0.0131799
2.1834 12.3278 0.0143069
2.24754 12.4362 0.0140906
2.27655 12.483 0.0100718
2.28426 12.6417 0.0116333
2.19869 12.5516 0.0134062
2.17129 12.6354 0.0136763
2.1845 12.8151 0.0132608
2.19874 12.6821 0.013052
2.19012 12.7125 0.0139267
2.0674 12.7101 0.012692
2.1375 12.7909 0.0138235
1.91686 12.6612 0.0139688
2.06062 12.9287 0.0115463
1.74255 12.4904 0.0140339
1.91522 12.8693 0.0134777
2.04127 12.9552 0.013876
2.05058 13.0161 0.0107035
2.05488 13.0015 0.0143827
1.97546 13.0094 0.014225
2.10799 13.0638 0.0110692
1.70208 12.8022 0.0119017
1.975 13.0435 0.0132001
1.77874 12.781 0.00945758
1.97145 13.0685 0.009002
1.95917 13.1968 0.0107822
1.91883 13.1935 0.0117652
1.84279 13.2073 0.0106175
1.86959 13.2229 0.0121078
1.90798 13.2517 0.0136426
1.85248 13.4497 0.0137865
1.63909 13.171 0.0120013
1.86108 13.3252 0.0121686
1.40908 13.0368 0.0132479
1.65853 13.3826 0.0136727
1.68309 13.4921 0.0139704
1.71486 13.4173 0.0141544
1.79949 13.4878 0.0105445
1.76449 13.4974 0.0137057
1.76436 13.5599 0.0117599
1.80041 13.6005 0.0123871
1.823 13.6679 0.0123267
1.6915 13.6169 0.0123524
2.14399 13.5597 0.011669
2.14374 13.6155 0.0120056
1.94412 13.6589 0.00976783
1.86414 13.6932 0.008558
1.69995 13.8083 0.0110551
1.72302 13.7044 0.0142289
1.67862 13.819 0.0107318
1.6587 13.8918 0.00951992
1.64677 13.8906 0.0101277
1.62127 13.9218 0.0137051
1.58841 13.927 0.0139851
1.60773 14.0087 0.0134712
1.56177 14.0379 0.014061
1.5953 14.1088 0.010777
1.60618 14.0411 0.0120175
1.93642 14.1773 0.0119193
1.73781 14.0797 0.0143556
1.5647 14.1085 0.0136524
1.56726 14.1321 0.00950362
1.52022 14.2215 0.0166835
1.58203 14.2628 0.0122785
1.48013 13.8298 0.0131027
1.34223 14.239 0.0124165
1.37012 14.3706 0.0123705
1.47255 14.4307 0.0111715
1.41417 14.339 0.0119544
1.43526 14.51 0.014
1.66504 14.4554 0.0133366
1.44279 14.548 0.0121236
1.35343 14.4402 0.0122243
1.38838 14.6024 0.0129403
1.34894 14.594 0.0136028
1.37744 14.5672 0.0139816
1.14406 14.4088 0.0139029
1.37967 14.6657 0.0145105
1.2513 14.7479 0.0130564
1.27703 14.6915 0.0137415
1.34402 14.6971 0.0122157
1.27893 14.6863 0.00995575
1.54319 14.7493 0.0125099
1.27536 14.763 0.0122186
1.29132 14.8394 0.0130807
1.24691 14.8097 0.0100473
1.28722 14.926 0.0118018
1.29216 14.9953 0.0122539
1.28534 14.9314 0.00974892
1.14604 15.0281 0.0107375
0.994575 15.0907 0.0125324
1.35532 14.8574 0.0136885
1.2454 15.0175 0.0141089
1.13301 15.1162 0.010299
1.05501 15.1167 0.0123495
1.03314 15.1457 0.0126982
1.10556 15.2161 0.0134544
1.11809 15.3264 0.0117922
1.18149 15.1494 0.012624
1.18368 15.242 0.0139925
1.11107 15.2435 0.0123273
1.13084 15.3528 0.0126827
1.01698 15.4822 0.0133517
1.03047 15.4716 0.0131085
0.991482 15.4773 0.0133456
1.02064 15.4024 0.014036
0.982643 15.5078 0.0130203
0.949369 15.4463 0.0126938
1.01534 15.5654 0.0123698
1.34552 15.6657 0.00961171
1.05579 15.4668 0.0106393
0.931249 15.6522 0.0120349
0.995484 15.6209 0.0122394
0.926825 15.581 0.0127128
0.897987 15.6159 0.0108738
0.9652 15.7299 0.0122448
0.847215 15.7456 0.0133002
0.868906 15.8339 0.0144998
0.892539 15.722 0.0130158
0.850427 15.7897 0.0116246
0.823693 15.8805 0.0130137
1.16356 15.9569 0.0107683
0.958712 15.9565 0.0106704
0.89671 15.8937 0.0121166
0.941184 15.9079 0.0132275
0.853663 15.8847 0.0110409
0.844089 15.8358 0.009284
0.819623 15.8262 0.0142864
0.878381 15.8102 0.0146953
0.878014 15.8592 0.0102398
1.15996 16.1213 0.0125852
0.898933 15.7265 0.0124566
0.790932 15.8115 0.0117141
0.804575 15.8926 0.0121191
0.827351 15.9587 0.0124808
0.82893 15.8284 0.0126125
0.881383 15.9016 0.0110793
0.779155 15.9551 0.0118105
0.785302 15.8473 0.0127924
0.780172 15.8893 0.0142641
0.818316 15.8996 0.0117275
0.887775 15.9528 0.0127252
0.844119 16.1817 0.0132634
0.850372 15.847 0.0115962
0.805273 15.8653 0.0119823
0.80279 15.8516 0.013402
0.885289 15.951 0.0131586
0.867466 15.8784 0.0132947
0.830285 15.8111 0.0140597
0.826914 15.8141 0.0132223
0.844319 15.8385 0.0123372
0.841651 15.862 0.0118594
0.845833 15.8339 0.00949675
0.886895 16.1946 0.00976817
0.855038 15.8988 0.0118868
0.828164 16.0039 0.0129287
0.826585 15.9183 0.014064
0.779185 16.0338 0.0127668
0.958551 16.071 0.0107071
0.850929 15.9757 0.0125377
0.785717 16.034 0.0127504
0.817774 16.0324 0.0121517
0.832725 16.0332 0.0151446
0.692209 16.1326 0.0122607
0.762742 16.0814 0.0146147
0.730372 16.1465 0.0115008
0.761004 16.1257 0.0129282
0.756023 16.1832 0.012158
0.741701 16.22 0.0145041
0.892534 16.3219 0.0123313
0.584152 16.1413 0.0145817
0.707119 16.1286 0.012438
0.762254 16.3311 0.0132541
0.712115 16.2495 0.00930992
0.70327 16.2678 0.00948096
0.701142 16.3904 0.0132789
0.728621 16.3849 0.00973108
0.724897 16.2946 0.0122175
0.647443 16.351 0.0173581
0.722178 16.3917 0.0153329
0.643698 16.3467 0.0119722
0.968353 16.4901 0.0107687
0.702295 16.482 0.0133415
1.06547 16.5279 0.0124289
0.703143 16.3778 0.013909
0.660099 16.4311 0.0129591
0.618985 16.4508 0.0134687
0.563312 16.3595 0.012119
0.569237 16.4361 0.0132851
0.615044 16.3557 0.0143691
0.663148 16.4172 0.0135106
0.897468 16.5762 0.0128203
0.780963 16.799 0.0133683
0.848902 16.9437 0.0108275
0.70969 16.5554 0.0125191
0.539548 16.6587 0.0108075
0.778776 16.8361 0.0101387
0.877303 16.8516 0.0115252
0.629754 16.6089 0.0115045
0.467959 16.8323 0.0128485
0.605084 16.7139 0.0135701
0.556684 16.7161 0.0139805
0.804358 16.6649 0.0120248
0.814485 16.8166 0.0113713
0.675508 16.8558 0.0126105
0.58964 16.9001 0.0134955
0.828662 16.9971 0.0145063
0.702204 17.1365 0.0106504
0.700769 17.3819 0.0131248
0.764188 17.275 0.010997
0.580234 17.1066 0.0124034
0.813448 17.1599 0.0135733
0.889551 17.4319 0.0142352
0.837932 17.4877 0.0147137
0.983973 17.2696 0.0154475
0.845247 17.374 0.0141078
0.565124 16.992 0.00961942
0.505027 17.1862 0.0113085
0.488274 17.3642 0.0139848
0.849359 17.1515 0.013209
0.86516 17.5225 0.0147742
1.0172 17.6569 0.0131624
1.16445 17.67 0.0130324
1.27822 17.8796 0.0149128
1.2473 17.8183 0.0126141
1.20131 17.8734 0.0140034
1.42374 18.0946 0.0148086
1.58622 18.0838 0.0158831
1.75015 18.1048 0.0142689
1.83906 18.289 0.0148842
2.19283 18.4032 0.0147439
2.15801 18.4478 0.0113458
2.38162 18.3993 0.0132152
2.44685 18.4919 0.0149197
2.52018 18.5274 0.0154087
2.74914 18.5623 0.0116079
2.91509 18.5402 0.0158617
2.65894 18.7127 0.0121468
2.90513 18.6334 0.01128
2.7624 18.561 0.0142381
2.73205 18.6397 0.0145602
2.93209 18.8394 0.0156817
2.74311 19.1775 0.0163245
2.65315 18.7266 0.0157806
2.72726 19.2605 0.0155848
2.60453 19.3361 0.0159178
2.7588 18.9059 0.0167298
2.64768 18.6538 0.0170407
2.59688 18.828 0.0173291
2.59951 19.0229 0.017141
2.56269 18.8361 0.0155983
2.55613 18.7923 0.0147708
2.54266 19.1789 0.0122997
2.43136 19.3076 0.0144864
2.32098 19.3776 0.012309
2.21523 19.4608 0.0142294
2.78289 19.4044 0.0113297
2.39591 19.4403 0.0169562
2.33361 18.9437 0.0169857
2.26545 18.8642 0.0147867
2.27516 18.9341 0.0124344
2.20245 18.8886 0.0153246
2.21352 18.9282 0.0162882
2.1646 18.8096 0.015084
2.13693 18.9749 0.01597
2.10067 18.9084 0.016107
2.07246 18.9676 0.0165685
2.11832 18.9545 0.0120147
2.02272 18.9667 0.0137322
2.16767 19.2126 0.0137518
2.04115 19.021 0.0148328
1.92992 19.0034 0.0133092
1.89854 19.1086 0.014747
1.85047 19.2171 0.0132175
1.7813 19.3283 0.0132903
1.77688 19.5034 0.0119699
1.7598 19.6145 0.0136583
1.72637 19.7522 0.0125089
1.54387 19.4312 0.0124705
1.75072 19.2867 0.0132231
1.60245 19.419 0.00951375
1.51091 19.4638 0.00950654
1.27001 19.4187 0.0103053
1.21195 19.4861 0.0124578
1.15703 19.382 0.00685346
1.14776 19.6727 0.00696183
1.24502 19.7476 0.015094
1.25546 19.7105 0.0127749
1.10316 19.7404 0.0116487
1.15708 19.8041 0.0113867
1.0956 19.8125 0.0103307
1.11322 19.7685 0.0122867
1.07006 19.7657 0.011709
1.10052 19.7536 0.0120376
0.980012 19.6713 0.0114225
1.35652 19.9892 0.0121751
1.50167 20.1818 0.0115238
1.28952 19.8804 0.0112532
1.18601 19.7681 0.0132144
1.05763 19.791 0.0103648
0.930343 19.7134 0.0103479
0.805609 19.8664 0.00822662
0.757353 19.7996 0.0116312
1.22495 20.0279 0.0124345
0.916712 19.9981 0.0129962
0.734745 19.822 0.0128249
0.607173 19.7518 0.0145827
0.557856 19.8207 0.0149257
0.565682 19.7774 0.012264
0.510196 19.6133 0.0144775
0.53366 19.6313 0.0138087
0.427338 19.5848 0.0107433
0.812577 19.8546 0.0121547
0.565261 19.7862 0.0127099
0.46721 19.7089 0.0131448
0.398385 19.6062 0.0143775
0.319914 19.6448 0.0130098
0.29041 19.5717 0.0128494
0.296126 19.6053 0.0121165
0.577809 19.3189 0.010507
0.471339 19.3684 0.0124009
0.366313 19.3958 0.012948
0.233967 19.394 0.00913979
0.217214 19.5058 0.0105406
-0.0395316 19.4781 0.0131847
-0.118983 19.3953 0.0118488
0.00976817 19.4268 0.0119054
0.0340255 19.4463 0.0127095
-0.11915 19.3078 0.01352
-0.182697 19.2909 0.0129149
-0.308732 19.3168 0.0112793
-0.311824 19.2375 0.0153019
-0.431565 18.9603 0.0143233
-0.443919 18.9984 0.0115467
-0.519028 19.1259 0.0125616
-0.536845 19.0703 0.0137235
-0.56176 19.5718 0.0137154
-0.784989 19.5512 0.0131093
-0.841878 19.4697 0.0138896
-0.848953 19.345 0.01388
-0.906581 19.2131 0.0126121
-0.900394 19.2236 0.0124272
-0.983241 19.194 0.0132685
-0.857389 18.9244 0.0123261
-0.791759 18.7639 0.0106422
-0.93513 19.0046 0.0126374
-1.08199 18.969 0.00768
-0.976847 18.6761 0.00675863
-0.82862 18.505 0.0127324
-1.05607 18.3655 0.012899
-0.863093 18.5552 0.0134301
-0.933059 18.6188 0.0136115
-0.838345 18.4258 0.0126307
-0.864186 18.278 0.0141882
-0.762973 18.0199 0.014086
-1.08465 18.0039 0.00642529
-0.631924 17.863 0.0125759
-1.12799 17.7232 0.0131404
-0.904582 17.6315 0.012209
-0.929608 17.4609 0.0128999
-1.02448 17.6372 0.0118752
-1.02441 17.4917 0.0128805
-1.13328 17.5643 0.00963342
-1.36572 17.5137 0.0128923
-1.22083 17.5452 0.0123258
-1.20994 17.574 0.00927029
-1.31675 17.6064 0.0177094
-1.49029 17.409 0.0152597
-1.44646 17.4589 0.0140325
-1.33379 17.4017 0.0124614
-1.23985 17.2355 0.0125731
-1.26243 17.2567 0.0137551
-1.18072 17.2034 0.0130292
-1.23289 17.2401 0.0130581
-1.22978 17.0768 0.0151925
-1.3547 17.2743 0.014628
-1.24481 17.1668 0.0145942
-1.38141 17.097 0.0144415
-1.29352 17.0042 0.0145951
-1.75192 17.3195 0.015644
-1.78698 17.4757 0.0151574
-1.68525 17.6885 0.0193382
-1.76657 17.8512 0.0133831
-1.63341 18.0906 0.014052
-1.89437 18.0078 0.0159065
-1.389 17.9772 0.0128435
-1.76546 18.1594 0.0108101
-1.84487 17.8557 0.0115962
-2.05567 17.7496 0.011931
-1.90532 17.7266 0.0127581
-1.91498 17.7096 0.0124382
-1.92403 17.6851 0.0127
-1.94008 18.0311 0.0126783
-1.81717 17.6414 0.0138127
-2.18455 17.8384 0.0153142
-2.12583 17.9194 0.0145333
-2.03585 17.7178 0.0151125
-2.20016 17.8547 0.0158348
-2.24185 17.6362 0.0134265
-2.40537 17.5201 0.0152489
-2.33112 17.362 0.0161879
-2.46866 17.2838 0.0160329
-2.63307 17.1729 0.0158945
-2.62966 17.0353 0.0138509
-2.84023 17.009 0.0171125
-2.64736 16.9368 0.016375
-2.83964 16.8012 0.0131645
-2.96383 16.7327 0.0102426
-3.04075 16.6854 0.012165
-2.96643 16.849 0.0133588
-3.2996 16.7659 0.0133695
-3.17284 16.5418 0.0135777
-3.11668 16.4785 0.0126791
-3.20642 16.4194 0.0114756
-3.15995 16.3339 0.0126491
-3.4117 16.3057 0.0136774
-3.22826 16.33 0.0147713
-3.11991 16.27 0.0137579
-3.54453 16.3999 0.0142201
-3.22892 16.3229 0.0152502
-3.60549 16.1591 0.0124763
-3.27495 16.101 0.0120709
-3.50902 16.1861 0.0141867
-3.23065 16.1599 0.0129748
-3.60186 16.1861 0.0132775
-3.28098 16.0943 0.013518
-3.57686 16.0655 0.0152258
-3.65321 15.8812 0.0158796
-3.70791 15.906 0.0151548
-3.63293 15.8784 0.0136076
-3.77713 16.3476 0.0140614
-3.56798 15.924 0.0141145
-3.72413 15.9012 0.0143951
-3.56406 15.8586 0.0134724
-3.55965 15.8009 0.0141005
-3.57828 15.7769 0.0122035
-3.53247 15.7787 0.0127793
-3.48081 15.7656 0.012994
-3.44183 15.7091 0.0144945
-3.47805 15.5805 0.0149445
-3.50299 15.7134 0.0145906
-3.42712 15.6977 0.0115654
-3.45397 15.6779 0.0113525
-3.38223 15.5721 0.0126777
-3.37398 15.4946 0.0120725
-3.31479 15.5653 0.013358
-3.25135 15.4237 0.0128723
-3.29632 15.3991 0.0127628
-3.3587 15.4192 0.0135248
-3.70791 15.076 0.0134375
-3.77006 14.8675 0.0103891
-3.92701 14.8183 0.0115712
-4.13015 14.851 0.0125083
-3.75969 14.7222 0.012811
-3.98234 14.6452 0.0133786
-4.07772 14.4948 0.0136696
-4.15078 14.4449 0.013878
-4.28399 14.3478 0.0104363
-4.32126 14.2884 0.0144443
-4.37605 14.2175 0.0142469
-4.38927 14.138 0.0134008
-4.48503 14.0301 0.0130039
-4.05092 14.1642 0.0141094
-4.27318 14.0687 0.0133105
-3.84615 14.1854 0.0127668
-4.161 14.1223 0.0137166
-4.36448 14.0037 0.01445
-4.25704 13.9394 0.0149032
-4.22824 13.9073 0.0146031
-4.28027 13.94 0.0144654
-4.24203 13.8557 0.0143463
-4.24119 13.8326 0.0104142
-4.00073 13.9149 0.011173
-4.05791 13.8914 0.0129177
-4.08378 13.7536 0.0139763
-4.32082 13.8664 0.0142421
-4.26551 13.8389 0.0144728
-4.17164 13.7523 0.0143754
-4.22996 13.5601 0.0151764
-4.01391 13.8399 0.0138362
-3.99567 13.7611 0.0138132
-3.85824 13.7628 0.0140108
-4.00075 13.6685 0.0141745
-3.91095 13.6357 0.0149524
-3.90529 13.5746 0.0156822
-3.71926 13.7739 0.0148235
-3.91626 13.4939 0.0132569
-3.80723 13.5137 0.0144883
-3.86207 13.3893 0.0140006
-3.64363 13.583 0.0123245
-3.80918 13.3549 0.0109945
-3.77279 13.4138 0.0140082
-3.72093 13.3794 0.00949792
-3.80077 13.1941 0.00887642
-3.69607 13.2803 0.00842808
-3.78274 13.2493 0.0139583
-3.49511 13.2162 0.0147536
-3.57965 13.2066 0.0145041
-3.61905 13.138 0.014167
-3.45712 13.054 0.0150312
-3.59328 12.9833 0.0128513
-3.5891 13.0455 0.0117541
-3.40498 12.935 0.0124442
-3.23266 12.936 0.0140897
-3.26202 12.9501 0.0142733
-3.41428 13.0284 0.0120597
-3.56389 12.968 0.0144803
-3.56486 12.961 0.0142601
-3.47463 12.9165 0.0124888
-3.49059 12.8268 0.0134565
-3.32859 12.946 0.0127499
-3.78352 12.8308 0.0137571
-3.63711 12.8712 0.015619
-3.51782 12.8258 0.0140144
-3.48193 12.7651 0.010962
-3.34032 12.7911 0.0114272
-3.38918 12.7208 0.01276
-3.23848 12.5577 0.013354
-3.24031 12.6661 0.0142135
-3.27594 12.8406 0.0142407
-3.32318 12.6188 0.0136496
-3.06058 12.8924 0.0133203
-3.12507 12.833 0.009526
-3.1317 12.6247 0.0105735
-3.23304 12.5879 0.0141213
-3.18937 12.6513 0.0118311
-3.18237 12.4969 0.0176328
-2.92916 12.4947 0.0144301
-3.07227 12.5025 0.0133812
-2.8811 12.2788 0.0142337
-3.41953 12.3446 0.0125575
-3.3032 12.4389 0.00906975
-3.2062 12.4193 0.0122354
-3.18298 12.2854 0.0150437
-3.07295 12.357 0.0140688
-3.16283 12.3265 0.0108238
-3.03968 12.2429 0.0113919
-3.01602 12.2178 0.0117722
-3.04269 12.2891 0.0134055
-2.99747 12.0961 0.0127752
-3.02685 12.0602 0.0123381
-2.97083 12.1583 0.0129038
-2.89229 12.1388 0.0126649
-2.82396 12.1309 0.0147161
-2.91077 12.0549 0.0135342
-3.24167 12.1673 0.0127913
-2.99076 12.0628 0.0141663
-2.83118 11.964 0.0138552
-2.88838 12.0509 0.0144055
-2.83929 11.8858 0.0151789
-3.16414 12.1017 0.0140561
-3.23292 12.1149 0.0146299
-2.89525 11.8278 0.0127778
-2.84376 11.9085 0.0120777
-2.65719 11.7227 0.0116841
-2.69377 11.7332 0.0125825
-3.02289 11.7868 0.0109401
-2.74469 11.5966 0.0106898
-2.6467 11.7405 0.0112245
-2.55134 11.7345 0.0136126
-2.61027 11.6938 0.0134613
-2.57861 11.6304 0.0124063
-2.49493 11.6402 0.013621
-2.46723 11.652 0.012177
-2.53291 11.4874 0.0131182
-2.41566 11.5027 0.0171543
-2.22586 11.6182 0.0121962
-2.3885 11.5667 0.015051
-2.4046 11.4569 0.0121517
-2.37546 11.4235 0.0115197
-2.4186 11.4331 0.0124657
-2.16278 11.5483 0.0154621
-2.28276 11.506 0.0130861
-2.26053 11.3504 0.00993371
-2.35814 11.3082 0.0151153
-2.30743 11.2405 0.0173094
-2.32819 11.2933 0.0156758
-2.23065 11.1472 0.0105783
-2.34996 11.151 0.0117817
-2.27207 11.1542 0.013765
-2.26509 11.1927 0.0132284
-2.27278 11.1496 0.0129511
-2.15775 11.0557 0.0135715
-2.2898 11.1427 0.0136705
-2.21432 11.0421 0.0120257
-2.19674 11.034 0.0120042
-2.12838 11.0025 0.0139829
-2.124 11.0302 0.01286
-2.15797 10.9301 0.012405
-2.13483 10.8278 0.0135416
-2.19746 10.8621 0.0128213
-2.15743 10.8367 0.0143905
-2.12655 10.7597 0.0145257
-2.10902 10.851 0.0147016
-2.08824 10.7415 0.0145548
-1.85221 10.8458 0.0120196
-2.0512 10.8666 0.0128543
-1.70233 10.7017 0.0127801
-1.87555 10.6429 0.013438
-2.00381 10.6439 0.0125255
-1.93426 10.6789 0.0128322
-1.97124 10.6136 0.00928562
-1.93387 10.6273 0.0115266
-1.96832 10.5055 0.0136746
-2.02815 10.5329 0.00877679
-1.72204 10.5507 0.0180711
-1.70009 10.4081 0.0145198
-2.02186 10.5116 0.0134715
-1.44326 10.5931 0.0131329
-1.77783 10.3603 0.014048
-1.80189 10.3063 0.012328
-1.63192 10.4134 0.0129246
-1.77349 10.2729 0.0131412
-1.94993 10.324 0.0128455
-1.75639 10.266 0.0139605
-1.837 10.2537 0.01391
-1.78166 10.2139 0.0150604
-1.79086 10.1722 0.0129647
-1.53873 10.3422 0.013018
-1.61617 10.1938 0.0130597
-1.74385 10.2853 0.0107574
-1.7212 9.97378 0.0115923
-1.69072 10.098 0.0127875
-1.68996 10.0952 0.012787
-1.97903 10.162 0.0118569
-1.81335 10.0226 0.0126127
-1.67383 10.0421 0.0130377
-1.64379 9.97364 0.0138509
-1.80451 9.87084 0.0140657
-1.62605 9.83671 0.0142285
-1.66716 9.80645 0.0135213
-1.55164 9.80799 0.0139447
-1.53735 9.75422 0.0132187
-1.5019 9.60524 0.0121175
-1.6386 9.66591 0.0142167
-1.62592 9.76553 0.0151253
-1.53647 9.99487 0.0122691
-1.45075 9.86976 0.0137163
-1.53809 9.87428 0.013613
-1.49197 9.66203 0.0119827
-1.43864 9.6189 0.012638
-1.51096 9.53325 0.0101388
-1.47431 9.52622 0.0110019
-1.19142 9.68899 0.0118036
-1.06447 9.62425 0.012812
-1.30789 9.58945 0.0136139
-1.32873 9.47918 0.011855
-1.40267 9.40514 0.012598
-1.39444 9.40894 0.0130158
-1.33165 9.35713 0.011954
-1.41953 9.32279 0.0137511
-1.44236 9.33424 0.014367
-1.42727 9.22946 0.0130445
-1.29148 9.27635 0.0153959
-1.35396 9.23334 0.0144824
-1.37114 9.15778 0.0150287
-1.34551 9.11949 0.0143179
-1.29908 9.13756 0.0144947
-1.21332 9.07287 0.0146975
-1.32213 9.0073 0.0151912
-1.19961 9.11785 0.0143221
-1.12483 9.32632 0.0131625
-1.07207 9.21994 0.00977488
-1.14049 9.20363 0.00799833
-1.1037 9.04761 0.0132872
-1.24735 9.10048 0.0143347
-0.863746 9.14518 0.0138397
-0.845807 8.90752 0.0108492
-0.741081 8.8258 0.012081
-0.619334 9.08518 0.0133294
-0.602005 8.78839 0.0133425
-0.468237 8.77036 0.0131839
-0.463991 8.7081 0.013798
-0.436452 8.50778 0.0129906
-0.0591859 8.42231 0.0134345
-0.157645 8.31964 0.0124592
-0.234389 8.23474 0.0127657
-0.0804932 8.38728 0.0117554
-0.138134 8.21151 0.0120175
0.231162 8.28654 0.0117152
0.0265397 8.10337 0.0124772
-0.0734927 8.03392 0.0135661
-0.189808 7.88692 0.0119457
-0.0549953 7.95261 0.00992871
-0.0526986 7.79795 0.00852333
-0.224527 7.76218 0.0123851
-0.16833 7.71287 0.0139198
-0.0190072 7.66803 0.0145499
-0.0964385 7.69325 0.0132128
-0.0493217 7.65087 0.0133225
-0.155799 7.55808 0.010768
-0.0556138 7.58902 0.011662
-0.0901281 7.50221 0.0118504
-0.113549 7.46577 0.0103218
-0.107993 7.46733 0.013844
0.0553336 7.8668 0.013748
-0.0966467 7.48 0.0131065
-0.0431979 7.43272 0.012807
-0.0366316 7.40118 0.0132699
0.0310569 7.2887 0.0116563
-0.0283415 7.30856 0.0115017
-0.0612711 7.26139 0.0115058
0.0146478 7.29657 0.0132142
0.106638 7.17242 0.0123455
-0.362158 7.38761 0.0117751
-0.095325 7.07633 0.00948988
0.0886603 7.14173 0.0110655
-0.438386 7.06708 0.0120909
0.0467402 7.19539 0.0130677
-0.0223809 7.16435 0.0140938
0.0876748 7.10058 0.0118801
0.113032 6.9969 0.0132858
0.100298 7.00979 0.0125364
-0.090403 6.77667 0.0125653
0.199772 6.84163 0.0137799
0.171394 6.82847 0.0146707
0.100935 6.77684 0.0131748
0.0887347 6.85106 0.0139006
0.160756 6.78113 0.0139005
0.217297 6.68964 0.0124182
0.179367 6.76646 0.0135911
0.136764 6.63197 0.0140322
0.153921 6.74057 0.0122157
0.183835 6.66537 0.0137692
0.138902 6.65609 0.011988
0.239607 6.55742 0.0135245
0.124789 6.53749 0.00960992
0.231614 6.47563 0.01037
0.207663 6.49855 0.012078
0.298432 6.43943 0.0139592
0.173417 6.40371 0.0120385
0.209188 6.46111 0.0128894
0.147466 6.36889 0.0137004
0.245004 6.38218 0.0117546
0.296101 6.3691 0.0113689
0.112921 6.19818 0.0135558
0.201658 6.19796 0.0137968
0.294528 6.20991 0.0137537
0.271277 6.10673 0.0116735
0.00752554 6.40307 0.0136616
0.224946 6.27393 0.0136159
0.470063 6.43325 0.0122662
0.431511 6.15071 0.0129967
0.267359 6.08652 0.012404
0.34211 6.00278 0.0145646
0.23652 5.95414 0.0132276
-0.0840134 6.30221 0.0149121
0.257714 5.91381 0.0115758
-0.0655101 6.07567 0.00993337
0.279794 5.95179 0.0117042
0.365055 5.88922 0.0118633
0.356289 5.91141 0.0126434
0.145854 6.00149 0.0121866
0.0234889 6.21379 0.0133296
0.0637667 5.7017 0.0142397
0.26311 5.78713 0.0115765
-0.0348187 5.82126 0.0113696
-0.193432 5.89419 0.0131134
0.189895 5.7056 0.0128198
0.201058 5.63215 0.0133749
0.289094 5.55882 0.010609
0.320723 5.50892 0.0102919
0.34862 5.4709 0.0129094
0.537691 5.25922 0.00969138
0.480822 5.38996 0.0117487
0.451453 5.45919 0.012961
0.496492 5.31427 0.0137935
0.492425 5.27244 0.0128918
0.254945 5.37313 0.0118832
0.102117 5.25313 0.00949496
0.154806 5.08155 0.0101359
-0.122152 5.5337 0.0101966
0.252975 5.19053 0.0116507
0.435442 5.2102 0.0124129
0.452104 5.25564 0.00814108
0.182371 4.97767 0.0150482
0.437157 5.04366 0.0142865
0.625852 4.84522 0.0125137
0.647245 4.94879 0.0128981
0.508586 4.96966 0.0123063
0.553226 4.8729 0.00679871
0.557837 4.97761 0.01086
0.674786 4.85374 0.0148871
0.574789 4.81116 0.01249
0.643355 4.78418 0.011504
0.575375 4.82318 0.0125315
0.488264 4.63032 0.0129789
0.680754 4.75002 0.0127876
0.645117 4.70284 0.0134596
0.663251 4.73118 0.0129371
0.740398 4.68018 0.00896333
0.706743 4.65621 0.00926783
0.675115 4.53902 0.00860262
0.721034 4.65152 0.010196
0.69615 4.54233 0.00734029
0.605941 4.52282 0.016984
0.503929 4.73518 0.0154733
0.595788 4.5455 0.0101211
0.694421 4.56899 0.0113386
0.402353 4.63038 0.011623
0.600881 4.26484 0.0115216
0.713092 4.30617 0.0128436
0.179293 4.50196 0.012299
0.133871 4.61055 0.0129284
0.267918 4.53711 0.0147689
0.272156 4.58246 0.0108631
0.259217 4.54337 0.0103198
0.239702 4.26716 0.0112758
0.173765 4.43069 0.0132025
0.105908 4.39941 0.0118054
0.124763 4.36245 0.0123572
0.211963 4.28899 0.0100567
0.13605 4.3152 0.0110133
0.12783 4.33062 0.010091
0.0810597 4.30325 0.0107231
0.259735 4.35619 0.01465
0.353407 4.1582 0.011723
0.541859 4.08559 0.0140253
0.532299 4.03327 0.012951
0.486385 3.78916 0.0131866
0.248658 4.0221 0.0117935
0.50684 3.82284 0.0118008
0.729818 3.87132 0.0126626
0.800354 3.91873 0.0161792
0.796188 3.77094 0.011829
0.648018 3.69399 0.0117759
0.685049 3.69821 0.0135969
0.672344 3.62721 0.0134433
0.650327 3.60687 0.0129876
0.682743 3.58484 0.0121265
0.77054 3.5258 0.0116393
0.707506 3.47198 0.0126983
0.367134 3.45531 0.00666204
0.55309 3.40765 0.00738229
0.635954 3.44814 0.00665087
0.625855 3.47847 0.00671758
0.773564 3.36934 0.00864971
0.669127 3.41229 0.0129838
0.74166 3.33151 0.0084015
0.408825 3.56996 0.00699
0.53377 3.36313 0.00652787
0.578285 3.31777 0.0117442
0.560693 3.32456 0.00626825
0.241835 3.3463 0.0128232
0.615045 3.73309 0.0156277
0.401013 3.39985 0.016289
0.26194 3.47577 0.0124659
0.232795 3.51018 0.0106462
0.156214 3.44754 0.0115779
0.699637 3.37409 0.0109311
0.365678 3.35988 0.0106678
0.302486 3.40618 0.011197
0.293052 3.39739 0.0115606
0.253307 3.37308 0.00778592
-0.0394792 3.25429 0.00898992
0.0989888 3.21637 0.0101191
0.216652 3.10465 0.0121186
0.326957 3.15547 0.0119511
-0.319543 3.10886 0.0117695
-0.472857 2.93932 0.0116138
-0.523567 2.85464 0.012214
-0.540219 2.72549 0.0124381
-0.503741 2.64127 0.0128148
-0.704961 2.72875 0.0123447
-0.552854 2.52774 0.0093
-0.62908 2.45388 0.0107338
-0.498127 2.50156 0.00551317
-0.47502 2.39153 0.011465
-0.379523 2.69271 0.0114527
-0.0873401 2.66686 0.0130069
0.0594571 2.77174 0.0124348
0.179997 2.82232 0.00585858
0.313454 2.83537 0.0130541
0.507652 2.68485 0.0122187
0.421215 3.2011 0.0123945
0.496388 2.83346 0.00547458
0.615074 2.77153 0.0129145
0.777275 2.79256 0.0147383
0.276112 2.7982 0.0119232
0.230623 2.78858 0.0121811
0.0282446 2.68424 0.0121376
0.0527016 2.57135 0.0123831
0.0808008 2.46065 0.0145474
0.0805101 2.07479 0.00958279
-0.00566623 2.22748 0.0126295
0.0545372 2.4273 0.010114
0.434717 2.36188 0.0110819
0.56241 2.51497 0.0111013
0.664507 2.52969 0.012642
0.785137 2.53449 0.0127387
0.880421 2.62202 0.0121551
1.0422 2.65788 0.0121695
1.12558 2.7145 0.0125584
1.18738 2.79737 0.0107253
1.18385 2.66014 0.0119047
1.47653 2.63446 0.0127762
1.49418 2.67763 0.0135208
1.39321 2.72448 0.0121652
1.64278 2.81133 0.0118358
1.45876 2.77027 0.012798
1.57159 2.45344 0.01036
1.40254 2.77939 0.0106322
1.63191 2.9879 0.0112263
1.75322 2.77745 0.0103424
1.74228 2.69875 0.0119122
1.85475 2.78628 0.0121737
1.69539 3.22746 0.0103278
1.74166 3.29226 0.0143215
1.75309 2.8885 0.0104799
1.56182 3.21831 0.0105692
1.48426 3.46861 0.0108576
1.59864 3.48968 0.0116677
1.63567 3.35845 0.013688
1.70977 3.33051 0.0103866
1.72937 3.42701 0.0116468
1.73181 3.51369 0.00936333
1.84104 3.53233 0.0106292
1.7642 3.55346 0.00751579
1.8647 3.64457 0.00503021
1.94359 3.65691 0.00488887
1.63509 4.0701 0.00736888
1.85098 4.1392 0.00911354
2.00659 4.27011 0.006923
2.00109 4.45555 0.010918
2.12765 4.60434 0.0120422
2.12419 4.74728 0.0125098
2.16961 5.00045 0.0129744
2.24945 5.1707 0.0126066
2.29187 5.30696 0.0107395
2.34387 5.38895 0.00898
2.40467 5.49762 0.010292
2.49345 5.69299 0.0105352
2.44928 5.84795 0.0123342
2.7903 5.79608 0.0106755
2.41342 5.91431 0.009296
2.66844 6.05347 0.00966692
2.4129 6.14708 0.00972725
2.27068 6.28688 0.00914817
2.70314 6.32248 0.0103066
2.5983 6.43552 0.00705308
2.4998 6.57992 0.00718163
2.463 6.64588 0.00930546
2.4993 6.61554 0.0102194
2.26429 6.8035 0.0123492
2.15718 6.95009 0.00630217
2.2866 7.20997 0.00518825
2.17206 7.22471 0.0114722
2.18949 7.53125 0.0118937
2.2366 7.59552 0.0106043
2.05286 7.61276 0.010073
2.13214 7.87458 0.0114876
2.07767 7.96736 0.010262
1.94825 7.97133 0.00976862
2.07685 8.05608 0.0112879
1.86632 8.2004 0.0103565
2.02315 8.17179 0.00920337
2.05069 8.2071 0.00988804
1.98506 8.2961 0.0110263
2.07851 8.33164 0.0111737
2.02853 8.35553 0.0111194
2.09937 8.28596 0.00857342
2.08404 8.36852 0.0110927
2.05006 8.37385 0.0118122
2.0521 8.40533 0.0115517
2.06742 8.44243 0.00850425
2.03673 8.5738 0.0144383
2.10305 8.53933 0.0108014
2.17505 8.51998 0.0104255
1.94426 8.62053 0.0115923
2.102 8.65706 0.0120182
2.10054 8.70893 0.0108093
2.13076 8.87031 0.0126828
2.08522 8.65171 0.0119979
2.0667 8.76957 0.0104441
2.0456 8.73805 0.0104957
2.0316 8.86907 0.0119724
2.20422 9.1397 0.014797
2.15493 9.32328 0.012186
2.06025 9.01564 0.0114658
2.12635 9.21817 0.0135708
2.05556 9.0479 0.00998762
1.89306 9.0204 0.0117978
2.21505 9.39606 0.0108659
1.9725 9.16014 0.0117024
2.41284 9.49619 0.0136099
2.30796 9.57124 0.013564
2.35547 9.52054 0.0121105
2.37125 9.63265 0.0132525
2.20469 9.66752 0.0123301
2.40011 9.69444 0.0132012
2.46291 9.69489 0.0128681
2.22004 9.79237 0.0134694
2.38393 9.76116 0.0136825
2.08003 9.38723 0.00884033
2.0347 9.89969 0.0141471
2.10114 10.02 0.012641
2.4018 9.88273 0.0129406
2.27457 9.98001 0.0116764
2.38318 10.0385 0.00963575
2.29368 10.0801 0.0107005
2.35698 10.0673 0.0131683
2.34655 10.116 0.0121004
2.29703 10.1739 0.00651975
2.38326 10.2114 0.00653387
2.35169 10.2483 0.0130388
2.35007 10.1939 0.0144287
2.39609 10.2153 0.0128866
2.29095 10.2808 0.0133727
2.33881 10.3471 0.0129394
2.22759 9.93718 0.0135404
2.24329 10.3247 0.0135158
1.90007 10.2141 0.012971
2.09221 10.3683 0.0112632
2.29988 10.3709 0.0121572
2.35166 10.4243 0.0121323
2.26339 10.6375 0.0127157
2.21097 10.612 0.0120534
2.3147 10.6725 0.011708
2.38544 10.5719 0.0120545
2.32601 10.6511 0.00678804
2.18182 10.3131 0.0160081
1.90022 10.2265 0.017619
1.94119 10.4028 0.0138345
2.09303 10.3891 0.0132939
2.0924 10.3465 0.0104507
2.06663 10.527 0.0115181
1.95121 10.3329 0.0140192
2.0341 10.399 0.0142348
2.16106 10.4527 0.0131885
1.83863 10.4193 0.0148328
2.03638 10.4527 0.0123015
2.08182 10.6332 0.0115152
2.01432 10.2152 0.0141053
1.90411 9.97116 0.0128771
1.76673 9.8967 0.0132294
1.62944 10.2589 0.0130818
1.85497 10.4527 0.0131477
1.72593 10.1408 0.014483
1.66214 10.4639 0.0124701
1.57359 10.2925 0.0130503
1.44288 10.0959 0.0133208
1.37961 9.98948 0.0134918
1.69307 10.2837 0.0130266
1.68 10.0805 0.0145501
1.694 9.85621 0.0145738
1.51766 9.80782 0.0116165
1.46 9.82695 0.0120599
1.65884 10.2286 0.0105943
1.55696 10.1693 0.0137708
1.58725 9.86086 0.0114585
1.2691 10.1286 0.0160353
1.44675 9.89716 0.0159447
1.35417 9.80044 0.0157105
1.43763 9.76525 0.0131744
1.42172 9.74678 0.0138454
1.48959 9.79857 0.0136458
1.4003 9.74234 0.0139313
1.46745 9.78499 0.0145355
1.47073 9.80053 0.0141042
1.43273 9.83423 0.0139184
1.36746 9.83049 0.0128999
1.40549 9.8383 0.0142714
1.41972 9.81274 0.0145396
1.32962 9.76313 0.0134476
1.39689 9.78112 0.0128565
1.37597 9.78738 0.0139334
1.4222 9.80821 0.0135701
1.41109 9.8207 0.010349
1.158 9.85473 0.0110052
1.50269 9.85708 0.0125372
1.39991 9.74529 0.0150572
1.40305 9.8406 0.0123596
1.38757 9.81523 0.0135774
1.42301 9.79585 0.0126823
1.38903 9.61777 0.0135983
1.36114 9.7664 0.0120863
1.4069 9.70859 0.00942025
1.49495 9.80498 0.00902417
1.51067 9.44928 0.0130438
1.47005 9.62546 0.0155684
1.45733 9.7456 0.0104285
1.3669 9.84441 0.0127502
1.45328 9.78413 0.0121602
1.43536 9.76492 0.0103062
1.35631 9.78222 0.0125243
1.84539 9.96895 0.0137365
1.46073 9.94555 0.0136028
1.48795 9.84391 0.0144333
1.54481 9.7432 0.0101646
1.49399 9.77212 0.0103365
1.39905 9.84261 0.0110826
1.24451 9.97927 0.0134275
1.3715 9.8758 0.0132193
1.14599 9.96733 0.013478
1.39699 9.82244 0.012274
1.44106 10.2911 0.0160594
1.44951 10.1492 0.0142468
1.48095 10.0185 0.0141977
1.40672 9.91992 0.0145243
1.41824 9.89263 0.0143495
1.71055 10.1483 0.0144613
1.81491 10.3433 0.0135181
1.75429 10.1538 0.014613
1.65245 9.91746 0.0145026
1.36562 10.2243 0.0153498
1.39781 9.90584 0.014949
1.31849 9.58406 0.0135514
1.31303 9.43992 0.0144641
1.32597 9.70537 0.0132436
1.40051 9.7716 0.0111177
1.45034 9.76706 0.0115766
1.33389 9.82441 0.0113175
1.42375 9.83455 0.0143236
1.46318 9.73215 0.014408
1.43254 9.78733 0.0162638
1.36893 9.47797 0.0163189
1.40352 9.77165 0.0159396
1.33137 9.83831 0.00872058
1.32802 9.89718 0.0180405
1.40103 9.83145 0.015598
1.12656 9.87859 0.015878
1.36562 9.81243 0.0176368
1.33506 9.79702 0.0179449
1.40816 9.84362 0.0125615
1.37506 9.80401 0.0175373
1.39295 9.80217 0.016791
1.39666 9.81018 0.013659
1.47702 9.79085 0.014947
1.4501 9.82973 0.0160623
1.50509 9.77304 0.017771
1.3779 9.7942 0.0102315
1.40402 9.73744 0.011301
1.46359 9.83072 0.0138125
1.40265 9.73047 0.0152906
1.61338 10.2419 0.0160278
1.68276 10.0397 0.0156856
1.57421 9.87675 0.016884
1.50141 9.85106 0.0173826
1.46974 9.81198 0.0188221
1.40629 9.76447 0.0144802
1.46762 9.78193 0.0148457
1.35261 9.78345 0.0150259
1.48215 9.83962 0.0176145
1.30208 9.94995 0.0153967
1.29192 10.0739 0.0169033
1.3196 9.94223 0.0170995
1.07088 10.1917 0.0157443
0.880906 10.0483 0.0153582
0.884741 10.2577 0.0142784
1.01836 10.2624 0.0151746
1.15833 10.5886 0.015294
1.38691 10.3548 0.0179304
1.56777 10.324 0.0136959
1.48866 10.5059 0.0123009
1.77649 10.3809 0.012705
1.82017 10.4342 0.0129771
1.89008 10.5033 0.0103874
1.91817 10.4485 0.0137055
2.03961 10.6072 0.0158156
1.98237 10.5648 0.0113951
1.83429 10.7366 0.0131186
1.90946 10.553 0.0143655
2.01417 10.4855 0.0154541
2.01417 10.4855 0.0152695
2.01417 10.4855 0.014851
2.01417 10.4855 0.0144885
2.01417 10.4855 0.0143069
2.01417 10.4855 0.0142671
2.01417 10.4855 0.0153306
2.01417 10.4855 0.0160017
2.01417 10.4855 0.00946246
2.01417 10.4855 0.0169057
1.87062 10.6083 0.0183055
1.94273 10.5274 0.0112472
1.94273 10.5274 0.0129243
1.94273 10.5274 0.0148659
1.94273 10.5274 0.0156562
1.94273 10.5274 0.0155725
1.94273 10.5274 0.0177168
