8.79954 -3.51142 0.00992233
-0.0782101 7.45109 0.0136505
0.0620072 7.35363 0.0114848
0.218405 7.20555 0.0115632
0.399954 7.05409 0.0128197
0.538175 6.90656 0.0123274
0.524608 6.96641 0.0119248
0.600923 6.82719 0.0113775
0.645491 6.82851 0.0122459
0.547254 6.6283 0.0144195
0.409469 6.84946 0.0102332
0.632872 6.89746 0.00877512
0.794185 6.90835 0.00955729
0.59725 6.89101 0.00921413
0.633963 6.85178 0.00864704
0.196648 7.01595 0.0123158
0.484207 6.90307 0.0115823
0.516149 6.84182 0.00915112
0.550153 6.89967 0.0116824
0.577753 6.88067 0.0124139
0.61005 6.83262 0.0125299
0.949165 6.99913 0.0131644
0.561898 6.81543 0.00999229
0.551097 6.91529 0.0120248
0.403711 7.0602 0.0151039
0.530101 6.96452 0.0128191
0.636201 6.94017 0.0128116
0.762941 6.4733 0.0108464
0.540669 6.76093 0.0115402
0.600958 6.81339 0.0111788
0.610975 6.86126 0.0122996
0.591834 6.87276 0.0128726
0.615959 6.88073 0.0139398
0.607096 6.86832 0.0123885
0.591323 6.89922 0.0139142
0.568416 6.86218 0.0146402
0.590958 6.91564 0.0122197
0.579013 6.8434 0.00991108
0.117057 7.0159 0.0103341
0.384981 6.909 0.00881671
0.267155 6.70728 0.0110666
0.402725 6.98218 0.0112921
0.482837 6.86008 0.0121086
0.557979 6.44741 0.0141082
0.623677 6.65485 0.0112675
0.487304 6.78357 0.0102694
0.58664 6.86913 0.0105438
0.513714 6.95384 0.0104343
1.02275 6.89409 0.0130689
0.722513 6.92457 0.0114257
0.694592 6.92631 0.0108555
0.60175 6.92858 0.0113381
0.665375 6.94857 0.0118165
0.65576 7.01129 0.0132144
0.621783 7.05161 0.0140958
0.684846 7.32617 0.0104651
0.72464 7.06238 0.00903487
0.753061 7.06602 0.00860092
0.720121 7.0711 0.00911067
1.06654 7.15795 0.00917446
0.781971 7.17833 0.0106159
0.838009 7.18933 0.0114839
0.807484 7.15163 0.0121386
0.847337 7.23348 0.014042
0.748035 7.26658 0.00990758
0.864222 7.30172 0.0117277
0.816326 7.33641 0.0119565
0.860024 7.32255 0.0103827
0.902002 7.31804 0.00923583
0.873771 7.3781 0.00902913
0.945484 7.44759 0.01037
0.751418 6.9402 0.0142285
0.768613 7.21724 0.0114263
0.866303 7.45011 0.0110225
1.33935 7.19382 0.0138693
1.02531 7.4517 0.0114414
0.989989 7.46561 0.0118612
0.961201 7.57574 0.0130433
1.06557 7.56123 0.0134247
1.02886 7.59871 0.0134217
1.08958 7.65053 0.0120952
1.11967 7.6696 0.0112389
1.06408 7.76799 0.0127459
1.14539 7.69915 0.013822
1.13588 7.73094 0.0102137
1.43405 7.78984 0.0113373
1.15319 7.85169 0.0129717
1.16017 7.86279 0.0134629
0.794683 7.87675 0.00922254
1.23467 7.84994 0.00906617
1.22714 7.92751 0.00818475
1.20795 7.93742 0.00848296
1.21035 7.98924 0.0110656
1.25935 8.02389 0.0124552
1.30933 7.97147 0.0130004
1.30265 7.99754 0.0133023
1.1109 7.35498 0.0192421
1.24358 7.7069 0.016128
1.36155 7.88685 0.0126148
1.29363 7.49355 0.0151623
1.35687 7.75582 0.0153532
1.39742 8.00596 0.0135704
1.50071 8.08628 0.0104712
1.34419 8.35865 0.0120619
1.4682 8.30038 0.0137312
1.46789 8.2481 0.0135238
1.7526 8.09609 0.0145854
1.52553 8.36214 0.0135853
1.51672 8.35581 0.0126034
1.54847 8.38148 0.0126102
1.55656 8.43743 0.0119213
1.55324 8.47295 0.00918962
1.59377 7.97012 0.0115938
1.67702 8.37933 0.00926883
1.69354 8.46607 0.00936121
1.64521 8.49403 0.0107792
1.63197 8.51896 0.012927
1.67005 8.60784 0.0133612
1.67839 8.60007 0.0124477
1.72166 8.65838 0.012819
1.64708 8.71999 0.0127353
1.74188 8.68555 0.0118432
1.7834 8.68264 0.0115593
1.71338 8.75183 0.0105117
1.79779 8.77815 0.00938042
1.69934 8.7998 0.0117023
1.82091 8.85005 0.0131895
1.75667 8.82627 0.01444
1.76368 8.82243 0.0125191
1.79233 8.95083 0.0122282
1.97888 9.03742 0.0126105
2.19514 8.88762 0.015268
2.3631 8.85806 0.0140655
2.50095 8.76026 0.0160558
2.65128 8.91202 0.013746
2.7584 8.94791 0.0138856
2.75991 8.9202 0.0109606
2.78454 8.91877 0.00976842
3.05915 8.86671 0.0112479
2.74851 8.99796 0.0100529
2.83542 9.07698 0.0101837
2.53586 9.29064 0.0114075
2.40293 9.09082 0.0119954
2.235 9.24955 0.0111095
2.14263 9.17968 0.0119785
2.10765 9.27918 0.0130438
2.08155 9.341 0.0115371
2.15155 9.32662 0.0104272
2.15268 9.44979 0.0124812
2.1401 9.40636 0.0116805
2.21227 9.4716 0.0113465
2.21485 9.4964 0.0108085
2.22391 9.54195 0.0128138
2.20394 9.51191 0.0131565
2.28557 9.54052 0.0133264
2.25628 9.56681 0.0138177
2.25395 9.63214 0.0131897
2.24193 9.61248 0.0133682
2.29063 9.65213 0.0132799
2.34513 9.6718 0.0132179
2.28533 9.75357 0.0127143
2.36569 9.75102 0.0137729
2.34904 9.76676 0.0147983
2.38309 9.77128 0.0141888
2.34888 9.8623 0.0141056
2.36315 9.83491 0.0111549
2.43619 9.92297 0.0110053
2.75085 9.69634 0.0122485
2.43675 9.89537 0.0108991
2.45078 9.94431 0.0131376
2.43754 9.36236 0.0160862
1.94592 9.50551 0.0149725
2.23907 9.65476 0.0144968
2.46478 9.7496 0.0147402
2.43806 9.90957 0.0145078
2.62198 9.93008 0.0147047
2.43912 10.1344 0.0126782
2.57551 10.1584 0.013744
2.6163 10.182 0.00937821
2.59817 10.1408 0.00981167
2.59158 10.2387 0.00987883
2.6667 10.1973 0.0109655
2.70767 10.1818 0.009001
2.71533 10.2299 0.0105244
2.74464 10.2115 0.0125255
2.80045 10.3111 0.0118355
2.76071 10.2938 0.0124813
2.76714 10.3325 0.0105914
2.80888 10.3162 0.011682
2.82564 10.3895 0.0116867
2.68852 9.82832 0.0140995
2.76611 9.6192 0.0118425
2.90953 9.9018 0.0175979
2.8664 10.081 0.013552
2.91976 10.1787 0.00957383
2.97176 10.3604 0.01174
2.96672 10.4089 0.0121977
2.89305 10.5865 0.0137596
2.90886 10.6044 0.0135795
2.96383 10.704 0.0130238
2.93612 10.7009 0.0139234
3.00065 10.7229 0.0129005
3.04768 10.7451 0.0125886
2.76995 10.132 0.0139271
2.97617 10.4064 0.0136035
2.80426 9.95309 0.0150883
3.15313 10.3284 0.0137813
2.74121 9.58118 0.0160819
2.58917 9.3764 0.0149507
2.66444 9.15659 0.0146986
2.78774 8.8658 0.0159556
2.86499 8.58078 0.0119809
2.89065 8.24983 0.0156994
2.96643 8.00247 0.0163712
2.93864 7.74434 0.0118272
3.10784 7.60092 0.0101723
3.09586 7.29392 0.0136063
3.06186 7.0747 0.0105942
3.01205 6.76359 0.0100362
3.01934 6.67404 0.00941454
2.96202 6.59978 0.00892504
3.01289 6.62406 0.00890875
3.03375 6.62318 0.00909046
3.02432 6.64452 0.0119705
3.05262 6.72957 0.0130382
2.9703 6.7219 0.012655
3.04148 6.75246 0.0119853
3.03847 6.82035 0.0114379
2.99944 6.80314 0.0130188
3.0476 6.87218 0.0117102
3.04755 6.91704 0.0118134
3.03732 6.92259 0.01156
3.03847 6.97087 0.012176
3.04465 7.01903 0.011691
3.09609 6.96302 0.011973
3.12399 7.03801 0.0132069
3.08875 7.1006 0.0129919
3.09382 7.08521 0.0132724
3.11351 7.119 0.0122037
3.14184 7.10495 0.0135295
3.07103 7.19421 0.00918463
3.1291 7.20107 0.00898021
3.12476 7.21905 0.00896771
3.14475 7.26835 0.00901375
3.13403 7.24144 0.00956175
3.09552 7.33079 0.00941146
3.15288 7.36059 0.00974387
3.09189 7.36445 0.00893512
3.12854 7.42313 0.00892154
3.12046 7.42703 0.00954075
3.15899 7.53671 0.00911112
3.13123 7.49449 0.00898975
3.1602 7.575 0.0121253
3.16659 7.51164 0.012856
3.15154 7.57219 0.0134666
3.25717 7.20304 0.0112888
3.07164 7.59565 0.00898892
3.15487 7.59816 0.00940104
3.19534 7.75805 0.0123304
3.23064 7.75551 0.0132914
3.1598 7.74255 0.0121891
3.28003 7.79058 0.0112232
3.21794 7.81032 0.0126367
3.19923 7.81278 0.0131455
3.21449 7.84857 0.0120212
3.24812 7.91342 0.0113584
3.22844 7.96607 0.0109517
3.23538 7.99363 0.0100082
3.23865 7.97917 0.0113951
3.2487 8.0058 0.0101888
3.21952 8.0515 0.0109134
3.18869 8.08394 0.0126333
3.30499 8.14955 0.0121858
3.27974 8.14345 0.0120946
3.28349 8.19368 0.0135853
3.26307 8.18097 0.0131784
3.25848 8.28677 0.012455
3.31851 8.26256 0.0129986
3.34952 8.25595 0.00973692
3.2398 8.35051 0.00968467
3.28296 8.31166 0.0110127
3.29848 8.31763 0.011174
3.30797 8.43235 0.00949237
3.34537 8.44804 0.0115541
3.2865 8.40415 0.0120674
3.3125 8.52779 0.014345
3.35585 8.49512 0.0146077
3.35924 8.53376 0.013755
3.29324 8.5996 0.0103865
3.39751 8.60478 0.0112354
3.40298 8.59026 0.0108707
3.37352 8.66218 0.00939708
3.39463 8.73844 0.0103159
3.34556 8.71724 0.0125067
3.39351 8.77077 0.00940121
3.40082 8.81119 0.0118386
3.39963 8.85226 0.0135288
3.42472 8.83308 0.0129056
3.40351 8.86237 0.011858
3.40434 8.90874 0.0129739
3.46202 8.92988 0.0117842
3.40073 8.95215 0.0128522
3.46316 9.04322 0.0137041
3.4142 9.02906 0.0139105
3.43297 9.05734 0.0144998
3.41173 9.09287 0.0133275
3.44931 9.11642 0.0128058
3.46772 9.14087 0.013576
3.41818 9.14588 0.0136266
3.43173 9.20734 0.0147726
3.4991 9.27505 0.013758
3.46621 9.23762 0.0137969
3.4758 9.29866 0.0121923
3.47932 9.34553 0.0133135
3.47435 9.28412 0.0134492
3.48172 9.303 0.0134721
3.51714 9.29271 0.00912858
3.50365 9.26112 0.0117508
3.45146 9.31661 0.0124203
3.5 9.30413 0.0130784
3.46031 9.22797 0.0120243
3.50155 9.30953 0.0128796
3.54136 9.28538 0.0131623
3.50894 9.26404 0.0143125
3.51043 9.29393 0.0102185
3.51656 9.26899 0.00942942
3.52403 9.28892 0.00925767
3.49733 9.30212 0.00938004
3.49741 9.30905 0.00923767
3.48515 9.26438 0.0103929
3.46937 9.27255 0.0115139
3.49578 9.29745 0.0116667
3.46405 9.29708 0.0138838
3.51347 9.26899 0.0130412
3.4668 9.29124 0.0136459
3.48137 9.25972 0.0133889
3.51145 9.31244 0.0125813
3.50459 9.30215 0.0127935
3.52005 9.30586 0.0132868
3.46117 9.27551 0.0150632
3.49817 9.25433 0.0151264
3.50601 9.27198 0.0142598
3.54045 9.28789 0.0128853
3.46393 9.31554 0.0140261
3.48188 9.31054 0.0127283
3.46505 9.29968 0.0157116
3.48813 9.35356 0.0130036
3.54315 9.35893 0.00957496
3.53175 9.40864 0.008842
3.55982 9.46617 0.00856642
3.56297 9.44227 0.0102967
3.54626 9.43309 0.0120709
3.54702 9.49454 0.0119165
3.50515 9.53312 0.0132312
3.50771 9.53717 0.0122872
3.54286 9.49823 0.0102206
3.57603 9.57058 0.0109521
3.59684 9.61369 0.0106286
3.53373 9.61668 0.0134262
3.58913 9.5878 0.0118732
3.53682 9.64544 0.00987354
3.60489 9.67731 0.0116491
3.62713 9.63154 0.0113658
3.60824 9.6883 0.0127623
3.56072 9.72968 0.0121853
3.58361 9.71405 0.0137175
3.54058 9.71758 0.00962529
3.60681 9.75278 0.0107185
3.62336 9.74732 0.0106929
3.59332 9.80021 0.0105882
3.61115 9.79912 0.00964779
3.57828 9.76477 0.0120393
3.58689 9.81827 0.0104023
3.63525 9.81584 0.0127936
3.59821 9.79787 0.0117799
3.59348 9.8111 0.015851
3.57357 9.8363 0.0138036
3.55566 9.83415 0.0127694
3.58666 9.89597 0.0103057
3.55263 9.87832 0.0125102
3.61246 9.89365 0.0136806
3.57528 9.90637 0.0109478
3.57646 9.97544 0.00835254
3.56378 9.95775 0.00907275
3.56834 10.0177 0.0109123
3.57685 10.0304 0.00939325
3.59816 10.1 0.00965254
3.59173 10.1311 0.00863637
3.63515 10.096 0.00804729
3.62504 10.1535 0.0102483
3.61175 10.1833 0.00993512
3.62783 10.2107 0.00927521
3.60704 10.2847 0.00965025
3.64115 10.231 0.0112434
3.63003 10.2715 0.00861642
3.65688 10.3668 0.00923762
3.6072 10.3087 0.00924662
3.6209 10.4319 0.0136953
3.66155 10.4149 0.0114177
3.63626 10.5 0.0103665
3.56762 10.4853 0.0122273
3.66514 10.5205 0.0116707
3.6203 10.5716 0.0131763
3.54527 10.5889 0.0157016
3.65055 10.6057 0.0124513
3.5614 10.292 0.0119693
3.60986 10.6371 0.0101472
3.59867 10.7062 0.0102863
3.62914 10.6774 0.0102723
3.47436 10.6999 0.0111638
3.48255 10.5082 0.0111324
3.59468 10.8147 0.0110417
3.55577 10.8376 0.0139777
3.32694 10.5287 0.0149712
3.44942 10.6062 0.0132702
3.54458 10.9267 0.0104641
3.30714 10.5594 0.0110487
3.40463 10.5423 0.0126322
3.26109 10.5666 0.0148575
3.38524 10.7867 0.0155352
3.40449 10.9098 0.0114262
3.42902 11.0485 0.0132408
3.50756 11.1526 0.0129067
3.28054 10.8082 0.0155229
3.26565 10.8009 0.0149411
3.33515 11.0568 0.0140909
3.25744 10.8316 0.0161811
3.15467 10.8115 0.0160404
3.33398 11.1507 0.013669
3.20875 10.8716 0.0128724
3.14451 10.9353 0.0145963
3.15718 10.9355 0.0161104
3.28059 11.1933 0.0171793
3.12064 10.9181 0.0176555
3.13696 10.9807 0.0171887
3.27779 11.3049 0.0143088
3.28787 11.3671 0.0142256
3.0413 11.1128 0.0142122
3.08419 11.0376 0.015414
3.04013 11.1561 0.0171433
3.05296 11.4721 0.0189926
3.01661 11.1672 0.0165651
2.9601 11.1714 0.0137317
2.99955 11.5577 0.0141152
3.14317 11.6763 0.0123725
3.07422 11.8027 0.0142245
3.08756 11.8129 0.0148282
2.80537 11.5209 0.0345561
3.06642 11.7688 0.0309495
2.93397 11.3306 0.0397955
2.7337 11.3448 0.0353897
2.74534 11.3554 0.0376247
2.73012 11.3537 0.0382781
2.70081 11.3801 0.0405843
2.72632 11.4682 0.0538734
2.6887 11.3962 0.0408056
2.61079 11.4623 0.0364707
2.62679 11.5301 0.0469838
2.63176 11.535 0.0320767
2.57915 11.5895 0.0320401
2.8578 11.7993 0.0343141
2.54358 11.624 0.0321136
2.90112 11.9846 0.0306867
2.65564 12.0619 0.0315844
2.75138 12.2285 0.0261443
2.66841 12.2194 0.0344931
2.60375 12.2915 0.0284122
2.59665 12.3116 0.0290775
2.52165 12.2893 0.02692
2.5501 12.2651 0.0344204
2.4754 12.3174 0.0283747
2.4608 12.2668 0.0288585
2.46231 12.3192 0.0294603
2.39449 12.3231 0.0270759
2.38942 12.347 0.0253649
2.32068 12.3685 0.0312849
2.30636 12.3714 0.0324932
2.26668 12.3635 0.0296435
2.22791 12.431 0.038411
2.20537 12.4198 0.0317742
2.21807 12.4111 0.026817
2.13066 12.482 0.0308601
2.09716 12.4324 0.0266601
2.13265 12.4288 0.0349179
2.05179 12.4275 0.0263117
2.02006 12.4408 0.0296226
1.9608 12.5231 0.0268203
1.9038 12.5221 0.026939
1.94007 12.4977 0.0312614
1.87668 12.4997 0.027343
1.84709 12.4399 0.0311731
1.8449 12.4738 0.0238466
1.8069 12.4308 0.0275265
1.7371 12.446 0.0296083
1.7584 12.4814 0.0321728
1.62896 12.477 0.0319327
1.68298 12.4759 0.031831
1.61841 12.4406 0.0301913
1.6241 12.4863 0.0317268
1.58227 12.5427 0.0308972
1.56108 12.4735 0.0289897
1.52783 12.5538 0.025757
1.47446 12.5374 0.0329962
1.41409 12.5693 0.0276704
1.39196 12.5089 0.0323999
1.39179 12.5945 0.0268474
1.29418 12.5403 0.0278508
1.37789 12.5634 0.0278508
1.30234 12.5345 0.0324695
1.25412 12.5944 0.0293597
1.20593 12.556 0.0252696
1.20248 12.5618 0.0311122
1.11779 12.5779 0.0316021
1.14228 12.5015 0.030471
1.07527 12.5833 0.0299724
1.10016 12.6298 0.0366569
1.02904 12.6494 0.0272365
1.00163 12.5088 0.0314173
0.988408 12.5763 0.0269134
0.972208 12.5641 0.0334931
0.923472 12.614 0.0350015
0.871456 12.548 0.0357398
0.938022 12.5291 0.0338293
0.817216 12.5278 0.0288666
0.811872 12.5629 0.0307612
0.778014 12.5262 0.0300765
0.717105 12.5527 0.0288085
0.727731 12.5566 0.028973
0.671204 12.5153 0.0284765
0.680608 12.5142 0.0379095
0.659253 12.5425 0.0302047
0.596758 12.6067 0.0282524
0.554723 12.5655 0.0300535
0.476671 12.5656 0.032553
0.483424 12.5168 0.0310093
0.364348 12.5731 0.0289356
0.478956 12.5166 0.0302785
0.397566 12.5545 0.02811
0.406532 12.514 0.0266174
0.246672 12.5562 0.0313183
0.29793 12.5318 0.0297729
0.28149 12.514 0.0347547
0.20786 12.5372 0.0291028
0.166964 12.5297 0.0270145
0.182556 12.5386 0.026501
0.156418 12.5583 0.0317013
0.143707 12.4675 0.0257905
0.0706909 12.4999 0.0253384
0.0232773 12.5325 0.0265887
0.0321063 12.4785 0.0232401
0.00431119 12.4783 0.0243668
-0.0860686 12.4831 0.0266893
-0.134721 12.4407 0.0305129
-0.139928 12.4305 0.0358437
-0.186233 12.464 0.025873
-0.126315 12.4729 0.0314147
-0.203471 12.3953 0.028192
-0.206273 12.4731 0.0301437
-0.31389 12.4303 0.0240609
-0.276829 12.3328 0.0289474
-0.390902 12.367 0.0314893
-0.512757 12.0394 0.0327337
-0.534837 11.9742 0.0350506
-0.461734 11.8976 0.0354974
-0.512397 11.9049 0.0391738
-0.551429 11.8804 0.034237
-0.447068 12.3008 0.0334937
-0.605422 11.8812 0.0358875
-0.68709 11.9162 0.0332741
-0.660443 11.7885 0.0346697
-0.581599 12.2531 0.0394377
-0.747133 11.9146 0.0510849
-0.734156 11.9268 0.0489419
-0.755238 11.8603 0.0406535
-0.751649 12.1503 0.0319757
-0.753654 12.1786 0.0385924
-0.858032 11.8559 0.0319425
-0.819045 12.1102 0.0352776
-0.773012 12.1141 0.0404555
-0.877194 11.8683 0.0379982
-0.988683 11.7824 0.0380859
-0.97945 11.7146 0.0347558
-1.04229 11.704 0.0325203
-0.93197 11.9863 0.0398667
-1.05487 11.7122 0.0342812
-0.958724 11.9993 0.0359991
-0.966184 11.9575 0.0345476
-1.11071 11.7523 0.0356981
-1.04247 11.9243 0.0357095
-1.0824 11.8722 0.0295471
-1.05155 11.885 0.0287416
-1.06273 11.5942 0.0364538
-1.12252 11.5401 0.0338061
-1.12509 11.7792 0.0343838
-1.23205 11.5452 0.0295555
-1.21523 11.771 0.0367337
-1.1431 11.326 0.0362617
-1.29865 11.6883 0.0312445
-1.29917 11.3482 0.0485143
-1.28938 11.3794 0.0354089
-1.33618 11.6474 0.0315502
-1.33448 11.6195 0.0354285
-1.38 11.3085 0.0357584
-1.36661 11.3056 0.0330877
-1.36792 11.2027 0.0400015
-1.40275 11.1869 0.0333445
-1.37855 11.476 0.0353508
-1.38405 11.1711 0.0391485
-1.41529 11.1767 0.0343905
-1.40552 11.3662 0.0370899
-1.51468 11.0196 0.040941
-1.45006 11.2659 0.0359018
-1.48007 11.284 0.028753
-1.46429 11.2193 0.031368
-1.53795 10.9786 0.0319835
-1.48895 11.2043 0.0338202
-1.47062 10.8415 0.0412784
-1.49386 11.0681 0.035514
-1.482 11.0359 0.0320013
-1.51514 11.025 0.035854
-1.50765 11.0517 0.0316417
-1.48942 10.9136 0.0395175
-1.46608 10.9369 0.0350826
-1.52099 10.8972 0.0304251
-1.49347 10.9208 0.0306296
-1.4226 10.8476 0.0352237
-1.46714 10.8737 0.0308842
-1.48232 10.8009 0.0280667
-1.44826 10.7925 0.032597
-1.42082 10.7018 0.0312415
-1.4188 10.7074 0.0298877
-1.43619 10.5983 0.029943
-1.43138 10.6609 0.0314022
-1.43809 10.6229 0.0318644
-1.40026 10.5863 0.0349468
-1.39099 10.5365 0.046533
-1.40385 10.5111 0.0322858
-1.37377 10.4976 0.0285892
-1.38585 10.4214 0.0301274
-1.3343 10.4124 0.03222
-1.34866 10.4195 0.035226
-1.30216 10.3511 0.0305844
-1.32918 10.3147 0.0335786
-1.24995 10.3179 0.0384516
-1.26968 10.2474 0.029119
-1.28967 10.1916 0.0303044
-1.30457 10.1831 0.0300158
-1.29648 10.1846 0.0357308
-1.27633 10.1437 0.0284228
-1.25684 10.0965 0.034821
-1.27808 10.0611 0.0284302
-1.25097 10.0454 0.0296283
-1.2012 10.0332 0.0282157
-1.14787 9.97166 0.0277929
-1.14869 9.95245 0.0283408
-1.18097 9.96182 0.0303618
-1.16404 9.94864 0.0287308
-1.1527 9.91614 0.0303501
-1.17043 9.78464 0.0294723
-1.10573 9.8361 0.030622
-1.11479 9.74126 0.0297428
-1.06215 9.71083 0.0421442
-1.06405 9.66614 0.0285211
-1.16325 9.69451 0.034028
-1.05779 9.64403 0.0350657
-1.11446 9.58972 0.029525
-1.11735 9.60499 0.0289448
-1.07633 9.54793 0.029526
-1.06278 9.52689 0.0305289
-1.06859 9.48698 0.0322392
-1.07615 9.48054 0.0286934
-0.982669 9.45598 0.0287967
-1.03324 9.47444 0.0418677
-1.0017 9.36395 0.0339209
-0.995365 9.38592 0.0319904
-0.971003 9.32918 0.0304575
-0.980284 9.21995 0.030595
-0.918036 9.26718 0.0287386
-0.970486 9.24095 0.0297501
-0.942809 9.24144 0.0304296
-0.952542 9.20799 0.0271643
-0.944276 9.09025 0.0353147
-0.944321 9.0547 0.0302043
-0.860597 9.06769 0.0305463
-0.924466 8.99422 0.0306416
-0.902041 8.97756 0.0302593
-0.953452 8.96332 0.031927
-0.90591 8.95934 0.0292918
-0.895758 8.87497 0.0317893
-0.947793 8.87567 0.0294987
-0.916761 8.8341 0.0273707
-0.947651 8.79376 0.0349071
-0.896374 8.80663 0.031026
-0.882617 8.78951 0.0277731
-0.83875 8.72784 0.0294535
-0.881149 8.7172 0.028146
-0.868053 8.65216 0.0334771
-0.851433 8.63924 0.0297462
-0.881612 8.65368 0.0320152
-0.898962 8.65006 0.0334083
-0.831119 8.61263 0.0282599
-0.830763 8.63746 0.028704
-0.814368 8.5633 0.0287797
-0.786122 8.46607 0.0295695
-0.762695 8.48626 0.0336106
-0.796399 8.42122 0.0285573
-0.793569 8.37371 0.0340228
-0.788417 8.3656 0.0331113
-0.793976 8.3325 0.0296117
-0.699261 8.31121 0.032043
-0.69881 8.28001 0.0290418
-0.744757 8.28657 0.0348271
-0.788468 8.24483 0.0265021
-0.703221 8.16242 0.033912
-0.653257 8.16371 0.03238
-0.796611 8.12036 0.0318396
-0.70109 8.07858 0.0305357
-0.706356 8.05932 0.0300181
-0.768982 8.03829 0.0279562
-0.740146 8.03065 0.0291897
-0.670182 7.92332 0.0269843
-0.728532 7.94218 0.0347063
-0.726428 7.94062 0.0290533
-0.690389 7.89088 0.03135
-0.671939 7.9304 0.036511
-0.712503 7.84319 0.0297015
-0.696282 7.78098 0.0315865
-0.728187 7.79395 0.0373293
-0.703434 7.72932 0.033283
-0.701571 7.6803 0.0315408
-0.729288 7.68519 0.033365
-0.689903 7.6335 0.0361995
-0.650373 7.61024 0.0345715
-0.602885 7.61556 0.0288014
-0.624879 7.58546 0.0306019
-0.652697 7.56992 0.0345167
-0.636232 7.49185 0.0403886
-0.618043 7.50665 0.033191
-0.603081 7.41056 0.0383911
-0.618001 7.45476 0.0295582
-0.618744 7.39597 0.0327999
-0.600292 7.35757 0.0288622
-0.612554 7.33525 0.0350932
-0.568715 7.25985 0.0321807
-0.584309 7.2819 0.0352435
-0.560215 7.22587 0.0287624
-0.613457 7.18175 0.0322604
-0.611783 7.11154 0.0302725
-0.600234 7.18759 0.0342589
-0.52465 7.12265 0.03304
-0.552125 7.11723 0.0298142
-0.592384 7.05294 0.0308574
-0.573486 7.00388 0.0325145
-0.574639 6.98109 0.0326885
-0.541857 6.98244 0.0294555
-0.598519 6.9415 0.029639
-0.574586 6.89407 0.0311824
-0.555323 6.8475 0.0319423
-0.576588 6.86265 0.0342846
-0.536834 6.8408 0.029759
-0.561942 6.75334 0.0327143
-0.549758 6.74487 0.0324466
-0.56598 6.70319 0.0280261
-0.494496 6.67508 0.0284605
-0.54243 6.67533 0.0332344
-0.505837 6.64757 0.0311181
-0.507067 6.62528 0.031624
-0.589136 6.54226 0.0307844
-0.557375 6.56085 0.0278725
-0.507828 6.49614 0.0302377
-0.550756 6.48292 0.0376075
-0.482725 6.4305 0.0338555
-0.502249 6.43392 0.0312304
-0.550361 6.38787 0.0397585
-0.559385 6.36653 0.0344821
-0.548329 6.32975 0.032686
-0.495401 6.32394 0.038682
-0.503384 6.27815 0.0315014
-0.504968 6.23575 0.0372012
-0.481226 6.20469 0.0292969
-0.479328 6.22681 0.0325157
-0.508717 6.19326 0.033482
-0.488316 6.1694 0.038679
-0.449013 6.10349 0.0324966
-0.512962 6.09634 0.0315195
-0.545607 6.02129 0.0300876
-0.471485 6.05142 0.0305893
-0.495031 5.94856 0.031355
-0.51284 5.9376 0.033714
-0.492366 5.89799 0.0292236
-0.564863 5.91021 0.029954
-0.529008 5.91106 0.030653
-0.546885 5.88299 0.0299577
-0.557568 5.85317 0.0307697
-0.543991 5.7757 0.029462
-0.558056 5.72822 0.0327184
-0.567281 5.6933 0.0290524
-0.562067 5.70042 0.0310558
-0.607427 5.64976 0.0295648
-0.535655 5.63381 0.0303641
-0.553602 5.57261 0.0346793
-0.570348 5.60901 0.0281158
-0.524493 5.52015 0.0279982
-0.57618 5.53142 0.0304018
-0.561863 5.51266 0.0281465
-0.520913 5.43157 0.0318607
-0.522803 5.44847 0.0301168
-0.573312 5.37183 0.029624
-0.55092 5.44141 0.0341017
-0.498833 5.38748 0.0291551
-0.545641 5.26047 0.0334783
-0.556689 5.2468 0.0294028
-0.524162 5.26322 0.0293869
-0.558284 5.21 0.0286086
-0.59901 5.24105 0.0312212
-0.552918 5.23113 0.0291266
-0.568361 5.13419 0.0289694
-0.561603 5.0872 0.0289601
-0.555501 5.15898 0.0322018
-0.511147 5.09648 0.0282553
-0.600182 5.07698 0.0496821
-0.551307 5.04085 0.0306776
-0.535887 5.00352 0.0323987
-0.598109 4.93694 0.033494
-0.501814 4.94163 0.0280903
-0.569785 4.93618 0.0330069
-0.581352 4.854 0.0332974
-0.557574 4.86884 0.0311968
-0.582976 4.83827 0.0285144
-0.545224 4.79208 0.0471678
-0.540099 4.75652 0.0384155
-0.526489 4.71232 0.028094
-0.536825 4.69204 0.0339104
-0.566684 4.66342 0.030923
-0.558576 4.69163 0.0291787
-0.577641 4.68448 0.036734
-0.530043 4.59775 0.0314637
-0.514841 4.57711 0.0335237
-0.56545 4.52166 0.0387912
-0.572213 4.50632 0.0345002
-0.555393 4.46635 0.0289918
-0.551005 4.38353 0.0305217
-0.572629 4.40096 0.0319793
-0.561137 4.37133 0.0316505
-0.546161 4.31092 0.0347054
-0.545476 4.23329 0.032741
-0.561857 4.27858 0.0283118
-0.536164 4.25661 0.0288685
-0.578592 4.23228 0.0317102
-0.58697 4.20828 0.0334087
-0.59871 4.16989 0.0304536
-0.531154 4.14139 0.0302847
-0.555283 4.11219 0.028381
-0.61027 4.04463 0.0310557
-0.593786 4.02381 0.0284674
-0.548168 3.97853 0.0309173
-0.592551 3.96701 0.0302078
-0.616541 3.96566 0.0308955
-0.593722 3.90402 0.028464
-0.631475 3.85582 0.0304849
-0.641966 3.8509 0.0260417
-0.669523 3.8357 0.0289217
-0.641762 3.78507 0.0293066
-0.646272 3.74866 0.0272784
-0.654461 3.70396 0.0283328
-0.607913 3.71833 0.0305992
-0.667955 3.71319 0.0281373
-0.622109 3.64316 0.0303423
-0.650617 3.61734 0.0273943
-0.628029 3.57818 0.030089
-0.680344 3.53474 0.0262956
-0.63387 3.47259 0.0275222
-0.666061 3.51964 0.0305104
-0.698462 3.50771 0.0260994
-0.693211 3.39871 0.0303075
-0.649426 3.37647 0.0254227
-0.689443 3.31541 0.027623
-0.659473 3.32669 0.0284808
-0.625759 3.31297 0.0262898
-0.669093 3.3123 0.029417
-0.657435 3.19708 0.0286878
-0.656165 3.19486 0.0279872
-0.7297 3.15359 0.0268793
-0.710481 3.12024 0.028848
-0.707551 3.08137 0.0281495
-0.65566 3.1004 0.026036
-0.684849 3.03101 0.0259177
-0.674894 3.03871 0.0307586
-0.736391 3.01613 0.0264192
-0.738543 2.98434 0.0290865
-0.679332 2.94062 0.0262033
-0.691262 2.90052 0.0262282
-0.676848 2.87246 0.0267572
-0.701071 2.87501 0.0279702
-0.705021 2.84066 0.0324605
-0.753616 2.80677 0.0306819
-0.700576 2.74918 0.0266337
-0.747298 2.72595 0.0348842
-0.706214 2.63335 0.0300498
-0.752219 2.65291 0.0267269
-0.705797 2.65841 0.0273893
-0.705889 2.61161 0.0315779
-0.710139 2.57463 0.0342507
-0.759354 2.58349 0.0315847
-0.690126 2.56519 0.0266135
-0.732109 2.50645 0.031216
-0.692416 2.45091 0.0284918
-0.72955 2.45882 0.0338612
-0.707993 2.43181 0.0423487
-0.759139 2.32693 0.0310675
-0.717126 2.31328 0.0314085
-0.748493 2.28336 0.0347506
-0.732071 2.24599 0.0274625
-0.753608 2.27738 0.0273705
-0.754416 2.21836 0.0312081
-0.768248 2.1372 0.0290972
-0.730308 2.18926 0.0297027
-0.749476 2.12921 0.025918
-0.784753 2.07962 0.0293043
-0.77114 2.09504 0.0302557
-0.741127 1.99785 0.0282382
-0.802324 1.96481 0.0280229
-0.807968 1.9856 0.0284289
-0.760153 1.96487 0.0264052
-0.806138 1.89315 0.025619
-0.742308 1.90007 0.0288082
-0.753075 1.85623 0.0278651
-0.799588 1.85505 0.0296726
-0.761118 1.80293 0.0346164
-0.805452 1.79849 0.0267875
-0.794879 1.79113 0.027067
-0.728355 1.67285 0.0277629
-0.797885 1.66695 0.0309195
-0.749574 1.67782 0.0319048
-0.82775 1.59352 0.0266022
-0.848602 1.57524 0.0272352
-0.757816 1.5533 0.028379
-0.769502 1.54211 0.0304948
-0.851366 1.48509 0.0286248
-0.796743 1.41451 0.0336898
-0.83263 1.42677 0.0279951
-0.833373 1.42083 0.0266745
-0.826116 1.39558 0.0439463
-0.795594 1.3374 0.0230872
-0.790429 1.33722 0.0255449
-0.826359 1.28842 0.0275035
-0.814315 1.28944 0.0275438
-0.861977 1.20198 0.0255877
-0.835956 1.16239 0.03077
-0.776447 1.20553 0.0351941
-0.837098 1.17978 0.0320418
-0.846078 1.12507 0.0298119
-0.891853 1.04339 0.030195
-0.855014 0.992875 0.029878
-0.86574 1.02461 0.0253162
-0.909385 0.964426 0.0281792
-0.884595 0.939767 0.0317547
-0.899146 0.912213 0.0319713
-0.861815 0.891548 0.0274036
-0.856882 0.823517 0.0312105
-0.885816 0.773105 0.0260111
-0.875861 0.770045 0.03068
-0.827712 0.778136 0.0292705
-0.9011 0.771546 0.026966
-0.887962 0.697543 0.0295513
-0.879025 0.675186 0.0291712
-0.878213 0.673516 0.0254577
-0.919106 0.627168 0.0299393
-0.867442 0.571454 0.033512
-0.969633 0.556224 0.0289567
-0.857165 0.52063 0.0279306
-0.891206 0.535606 0.0327095
-0.926313 0.466518 0.0337682
-0.940105 0.410062 0.0415488
-0.92494 0.422178 0.0317573
-0.908251 0.417497 0.0360966
-0.878187 0.414896 0.0283331
-0.903036 0.39996 0.0432192
-0.895492 0.323266 0.0286477
-0.931789 0.266583 0.0343828
-0.907017 0.263044 0.0425498
-0.853793 0.233706 0.0369438
-0.98774 0.149511 0.0274745
-0.93855 0.168981 0.0297776
-0.940309 0.174178 0.0270355
-0.877542 0.087974 0.0437316
-0.912619 0.110646 0.0555114
-0.895778 0.0691116 0.0443547
-0.898567 -0.0164678 0.0303333
-0.858007 -0.0439962 0.0331499
-0.92092 -0.032248 0.037044
-0.945131 -0.0861501 0.0255121
-0.915442 -0.115708 0.027193
-0.959724 -0.169401 0.0274639
-0.931349 -0.20648 0.0303343
-0.933941 -0.226909 0.0296367
-0.883104 -0.265894 0.0245768
-0.905993 -0.293009 0.0242652
-0.866604 -0.291406 0.0261341
-0.941081 -0.314038 0.0296074
-0.953644 -0.335146 0.0277053
-0.990427 -0.398044 0.0283319
-0.995293 -0.391924 0.0256333
-1.00611 -0.464233 0.0260793
-1.07184 -0.457862 0.0234589
-1.03574 -0.448614 0.0237691
-1.11232 -0.535221 0.0278367
-1.04392 -0.551198 0.0330595
-1.0812 -0.546755 0.0902409
-1.07042 -0.600032 0.0271977
-1.08856 -0.574361 0.028
-1.13989 -0.651423 0.023932
-1.1929 -0.640506 0.029145
-1.13049 -0.689967 0.02653
-1.09671 -0.721479 0.0440195
-1.16697 -0.700982 0.0270186
-1.13752 -0.716422 0.0271442
-1.16702 -0.757993 0.0361788
-1.19493 -0.763801 0.0308084
-1.25797 -0.806292 0.0354927
-1.27562 -0.840828 0.0300974
-1.24861 -0.928957 0.0278782
-1.29916 -0.879438 0.0104627
-1.24318 -0.908977 0.0115009
-1.23996 -0.983446 0.0122139
-1.31934 -0.979563 0.0121359
-1.32143 -1.03369 0.0121394
-1.32749 -1.00534 0.0124835
-1.26107 -1.07265 0.013239
-1.30435 -1.12738 0.0131213
-1.27213 -1.14952 0.00953908
-1.33304 -1.15997 0.00930067
-1.31598 -1.13589 0.0112474
-1.30965 -1.20425 0.0125511
-1.34437 -1.19356 0.00879225
-1.33108 -1.24877 0.00919529
-1.33183 -1.28992 0.0115754
-1.38549 -1.35805 0.0126355
-1.3719 -1.37105 0.0108853
-1.36679 -1.37912 0.0107595
-1.29569 -1.39488 0.0103524
-1.32115 -1.48333 0.00877008
-1.33784 -1.48081 0.00920392
-1.33538 -1.54477 0.0103975
-1.31872 -1.54264 0.0114896
-1.27529 -1.53646 0.007479
-1.36375 -1.62595 0.00839175
-1.2808 -1.61704 0.0108845
-1.33666 -1.64422 0.00912837
-1.29772 -1.66726 0.00824992
-1.26487 -1.76032 0.010243
-1.27796 -1.72539 0.0108701
-1.26181 -1.78402 0.0110585
-1.22549 -1.79623 0.0120677
-1.19824 -1.82564 0.0115294
-1.19309 -1.84967 0.0123519
-1.20182 -1.86728 0.012131
-1.09442 -1.86084 0.012265
-1.09413 -1.93682 0.012689
-1.07842 -1.95914 0.0108465
-1.04859 -1.93082 0.0112779
-1.05667 -2.02925 0.0114592
-0.982224 -2.04189 0.0120285
-1.03296 -2.06096 0.012212
-0.978885 -2.03623 0.0126951
-0.970503 -2.10382 0.0105103
-0.933647 -2.0925 0.0117225
-0.942958 -2.16924 0.0121751
-0.902177 -2.12525 0.0125928
-0.841142 -2.17165 0.011512
-0.840871 -2.22062 0.0108688
-0.831427 -2.20552 0.00711942
-0.824548 -2.21125 0.00944175
-0.727707 -2.20453 0.0107863
-0.758373 -2.30774 0.0119813
-0.720335 -2.2437 0.0129736
-0.679669 -2.24792 0.0116324
-0.645741 -2.30317 0.0117376
-0.642888 -2.31478 0.0120758
-0.592729 -2.36051 0.0127124
-0.590169 -2.32032 0.0101817
-0.457232 -2.36677 0.0106164
-0.473162 -2.34677 0.0114636
-0.483118 -2.34618 0.0123615
-0.454686 -2.39733 0.0115341
-0.39382 -2.36389 0.0119165
-0.411239 -2.41661 0.0119136
-0.306244 -2.4217 0.0112205
-0.283733 -2.48397 0.0123887
-0.307601 -2.43291 0.0132763
-0.154559 -2.4193 0.0112659
-0.153162 -2.38629 0.0111462
-0.191386 -2.46103 0.00947496
-0.189248 -2.46024 0.0101602
-0.0591243 -2.44247 0.01146
-0.0579431 -2.40911 0.0121943
-0.066434 -2.46243 0.0112301
-0.0332702 -2.43339 0.0115872
0.00889613 -2.40226 0.0174729
0.0860629 -2.49435 0.0113257
0.11578 -2.40463 0.00949467
0.0963439 -2.46511 0.00988142
0.156118 -2.43428 0.0108273
0.15234 -2.42944 0.0109264
0.267441 -2.39699 0.0117208
0.25485 -2.365 0.0121631
0.287319 -2.37744 0.0107196
0.278271 -2.45216 0.0116838
0.401303 -2.4104 0.0115363
0.357087 -2.36555 0.0108509
0.440161 -2.38521 0.00980475
0.415747 -2.32209 0.00898946
0.481357 -2.34043 0.00881675
0.47356 -2.28938 0.00967304
0.561683 -2.33667 0.00916017
0.555899 -2.3716 0.0103135
0.571854 -2.27417 0.0104482
0.616599 -2.27494 0.00783146
0.651227 -2.19319 0.00856075
0.698133 -2.21154 0.00953863
0.734879 -2.26755 0.00967679
0.771974 -2.17149 0.010056
0.7583 -2.2577 0.0113643
0.827916 -2.18237 0.008805
0.827854 -2.16726 0.00970863
0.86293 -2.12901 0.0104412
0.828994 -2.14808 0.0109351
0.929663 -2.16873 0.0110656
0.893093 -2.09192 0.00915404
0.997082 -2.1018 0.0091085
0.879758 -1.98925 0.00984404
0.967984 -1.95087 0.00928033
1.00883 -2.08786 0.00894329
0.950837 -1.91599 0.00979075
1.01461 -2.0462 0.0122401
0.974915 -1.99593 0.0130509
1.07286 -1.8993 0.0115585
1.16048 -1.91091 0.0132204
1.12669 -1.89478 0.0119782
1.08048 -1.84799 0.0110361
1.10983 -1.77018 0.0110885
1.09259 -1.78348 0.0115339
1.16696 -1.74893 0.012125
1.20823 -1.6983 0.0112056
1.16403 -1.7289 0.00938129
1.24282 -1.67294 0.0100158
1.13356 -1.62862 0.0107002
1.14294 -1.60942 0.0109806
1.18729 -1.50724 0.010379
1.21174 -1.552 0.0112203
1.22348 -1.54589 0.0107675
1.14844 -1.52054 0.011948
1.22687 -1.48436 0.0136389
1.26266 -1.37683 0.0131517
1.22254 -1.3773 0.0132652
1.22768 -1.32374 0.0134566
1.18817 -1.30399 0.0170952
1.1937 -1.34261 0.0136755
1.19975 -1.25877 0.014317
1.24638 -1.2363 0.0127377
1.2041 -1.2007 0.0145756
1.24466 -1.1946 0.0127287
1.20959 -1.13141 0.0138605
1.2778 -1.09407 0.0115059
1.17379 -1.07065 0.0114675
1.22384 -1.08947 0.009679
1.21296 -1.08258 0.0104969
1.27265 -0.98555 0.0129909
1.14859 -0.921262 0.0113681
1.16753 -0.946573 0.00993175
1.17227 -0.900227 0.0126691
1.15973 -0.878724 0.0132201
1.11675 -0.861965 0.0117131
1.19771 -0.819712 0.0130901
1.09031 -0.773983 0.0120584
1.08895 -0.768593 0.0141055
1.06367 -0.697297 0.0137688
1.05843 -0.687418 0.0129859
1.084 -0.637412 0.0130988
1.10735 -0.652131 0.0130367
1.10902 -0.570378 0.0136843
1.05259 -0.552194 0.0130548
1.03099 -0.556925 0.0129141
1.01433 -0.455695 0.0141322
1.03338 -0.466918 0.0124689
1.05162 -0.392834 0.0136275
1.10777 -0.37369 0.0114439
1.04143 -0.333103 0.0128314
1.04269 -0.315367 0.0133219
1.10054 -0.264265 0.0141111
1.08217 -0.171809 0.0135122
1.06399 -0.254044 0.0127306
1.05208 -0.20309 0.0142111
1.07721 -0.147488 0.0134205
1.06069 -0.180688 0.0139948
1.03363 -0.138444 0.012796
1.04804 -0.0697297 0.0135246
1.01964 -0.00659658 0.0143695
0.969219 -0.0188431 0.0150291
1.01535 0.0797689 0.0146589
1.01285 0.0480349 0.0136813
0.991006 0.114767 0.0118009
0.968481 0.182936 0.0133662
1.00125 0.176825 0.0142984
0.985778 0.160303 0.0140823
1.01983 0.203144 0.0135563
1.04261 0.27975 0.0146591
1.04139 0.36411 0.0132128
1.01328 0.317298 0.0115672
1.04716 0.427016 0.0114987
1.01826 0.42614 0.0127228
1.04982 0.515871 0.0148622
1.07676 0.467386 0.0141956
1.04562 0.535131 0.0129545
1.00887 0.576976 0.0134757
1.06759 0.563371 0.0149509
1.08377 0.594072 0.0129493
1.03267 0.605116 0.013565
1.10477 0.631735 0.014061
1.04203 0.688512 0.0124469
1.03724 0.709676 0.0151771
0.978646 0.786099 0.0136324
0.993969 0.808947 0.0136316
1.02852 0.786101 0.0144058
1.00812 0.842515 0.0143533
1.04217 0.868232 0.0151301
1.01003 0.865765 0.0132985
1.00547 0.918418 0.0129413
1.01585 0.965082 0.0144616
1.03808 0.935767 0.0104562
1.0759 1.04518 0.0129747
1.042 1.0014 0.0143626
1.03986 1.0403 0.0144096
1.01175 1.01011 0.0143445
1.00913 1.02737 0.016339
1.04191 0.983499 0.0168181
1.00457 1.01819 0.0168265
1.05854 0.987106 0.0155822
0.991717 0.99421 0.014818
1.03771 1.02273 0.0147613
1.03803 0.993317 0.0152934
1.00731 1.00494 0.0132466
1.02928 0.997239 0.0150333
1.02452 1.04535 0.0151949
1.06235 1.0439 0.0136217
1.07673 0.996673 0.0137874
1.00975 1.03422 0.0138098
1.04139 1.03958 0.00975837
1.06011 0.987345 0.00967679
1.03335 1.01929 0.00996867
1.04399 1.00782 0.00984558
1.04199 1.05149 0.00980546
1.05543 1.03345 0.0100762
1.01519 1.02651 0.0099835
1.05214 1.00037 0.0100306
0.998072 0.979418 0.00990092
1.04464 1.03324 0.0161001
1.05024 1.02451 0.0217277
1.02751 1.01648 0.0164813
1.00704 1.00541 0.0138048
1.05302 1.04515 0.0140825
1.01877 1.00653 0.0145355
1.04295 1.03337 0.0145182
1.0299 1.0403 0.0142253
1.06138 1.02184 0.0142425
1.05118 1.0283 0.0146408
1.0141 0.970797 0.0144111
1.08766 1.03771 0.0150477
1.00979 1.03765 0.0160138
1.01907 1.00352 0.0160272
1.03906 0.986091 0.0170262
1.02655 0.953457 0.0154554
1.02525 1.03953 0.0151298
0.95819 0.986241 0.0150722
1.03257 1.0112 0.0148505
0.995718 0.970801 0.0158933
0.97547 1.03522 0.0164672
1.03712 0.995878 0.0164159
1.07113 1.00185 0.0165918
1.03339 1.0058 0.0171955
1.04545 1.04832 0.0175379
1.01607 1.00561 0.0142967
0.983311 1.02494 0.0151865
1.01336 0.999251 0.0162293
1.01936 1.04744 0.0149812
1.02473 0.990839 0.0163394
1.00482 1.04706 0.0155269
1.00624 1.00175 0.0150295
1.00743 1.02553 0.0139679
1.02719 0.986776 0.0145013
1.05655 0.984004 0.0161571
1.04184 1.00781 0.0135678
1.00763 1.03004 0.0138654
1.02136 0.991053 0.013691
1.03196 1.03191 0.0151323
1.02878 1.03311 0.0150923
1.02736 0.973627 0.0127998
1.02964 1.04459 0.0143126
1.02218 1.03487 0.0151127
0.989966 1.01502 0.018547
1.05465 1.01621 0.016364
1.04977 1.02853 0.0191843
1.03466 1.0083 0.0157685
1.0529 0.985597 0.0144341
1.04837 0.999105 0.0145025
1.02638 0.990541 0.0135897
1.03905 0.985885 0.0152004
1.00667 1.03512 0.0138863
1.0476 1.01765 0.0141675
1.07201 1.00445 0.0141382
1.02759 1.03595 0.0153406
1.06497 1.01097 0.0135655
1.0227 1.00833 0.0148636
1.03776 0.994712 0.01551
1.0376 0.999982 0.0132418
1.01866 1.02606 0.0149983
1.03428 0.995562 0.013645
1.06849 0.96987 0.0157774
0.997992 0.992251 0.0151348
1.04385 1.01709 0.0164509
0.971251 1.02873 0.0184228
1.00407 1.03473 0.0187821
1.02088 1.03623 0.0150796
1.00062 1.003 0.0147597
1.00282 0.97548 0.018121
0.994893 0.994487 0.0158927
1.04855 0.978055 0.017226
1.02878 0.991346 0.0169422
1.05654 0.983291 0.0187418
0.98932 1.03474 0.018002
1.06537 1.01937 0.015662
1.01797 0.95562 0.0150029
1.02247 1.01596 0.0154109
1.06718 0.984212 0.0147239
1.00715 1.02159 0.0150695
1.04702 0.988524 0.013529
1.00459 1.00534 0.014899
0.973312 1.0246 0.0149069
1.01847 1.03565 0.0163581
1.03264 1.04565 0.0157161
1.00275 1.03893 0.0122718
1.10054 1.0267 0.0184565
1.05248 1.01671 0.0169397
1.04128 0.975886 0.0178547
1.0735 1.00046 0.0150663
1.04599 0.983476 0.0162889
1.04717 1.0214 0.0142514
1.05973 0.996708 0.0342998
1.02736 1.02563 0.0298812
1.00179 1.01384 0.0302513
1.00101 0.994777 0.0278605
0.975695 0.973321 0.0312597
1.00909 0.999413 0.030821
1.01108 1.01548 0.029804
1.01108 1.01548 0.0287849
1.01108 1.01548 0.0304533
1.01108 1.01548 0.027949
1.01108 1.01548 0.0299306
1.01108 1.01548 0.0300655
1.01108 1.01548 0.0301391
1.01108 1.01548 0.0334137
1.01108 1.01548 0.0305575
1.01108 1.01548 0.035844
1.01108 1.01548 0.0302725
1.01108 1.01548 0.0298667
1.01108 1.01548 0.030699
1.01108 1.01548 0.0355842
0.997306 0.966259 0.0275677
1.01108 1.01548 0.0273102
1.01108 1.01548 0.0294903
