0.355248 0.640903 0.00904054
1.52695 -0.290755 0.0135694
1.59425 -0.224073 0.0140202
1.77567 -0.453428 0.0146492
1.80293 -0.47794 0.0169503
1.73649 -0.482941 0.0149796
1.86812 -0.211974 0.0161356
1.92792 0.00695975 0.0133697
1.95426 0.207843 0.014575
1.99676 0.463029 0.015009
1.99697 0.68608 0.0137913
2.15037 0.793003 0.0144815
2.21592 1.06895 0.0145223
2.21187 1.25567 0.0150165
2.24699 1.43351 0.0142114
2.27476 1.54436 0.0144684
2.35071 1.53416 0.0143558
2.28222 1.52519 0.0101613
2.31513 1.53493 0.00952183
2.33047 1.54152 0.0113364
2.29031 1.5113 0.0117602
2.36391 1.50746 0.00998208
2.27629 1.55689 0.0102219
2.29631 1.52272 0.0107169
2.2925 1.56462 0.0137301
2.31591 1.55931 0.0126945
2.30932 1.53727 0.0119352
2.34051 1.5853 0.00984342
2.30627 1.50711 0.00984071
2.317 1.51301 0.00887429
2.30994 1.54878 0.00869204
2.28002 1.51929 0.0092415
2.28684 1.52412 0.0105308
2.33876 1.52843 0.00896562
2.2732 1.56498 0.00849804
2.30582 1.5354 0.009877
2.30015 1.51439 0.0109852
2.34714 1.55438 0.011521
2.34753 1.5876 0.00978167
2.33374 1.54741 0.00871204
2.37645 1.54459 0.00874167
2.29988 1.51711 0.011054
2.27003 1.57736 0.0121569
2.36991 1.5246 0.0109773
2.35265 1.56222 0.0121042
2.29643 1.50986 0.0114952
2.34748 1.55713 0.00917263
2.29961 1.57679 0.00851975
2.34186 1.55286 0.00828175
2.29394 1.54674 0.0104981
2.31256 1.57007 0.00889333
2.30887 1.60953 0.00882712
2.28763 1.61958 0.00858979
2.34173 1.63171 0.00873646
2.31137 1.67429 0.00887329
2.33134 1.78658 0.0138162
2.27005 1.7681 0.0108124
2.32772 1.78238 0.00943796
2.40479 1.75551 0.00977812
2.31246 1.76993 0.00863746
2.31664 1.81213 0.00956113
2.33006 1.88873 0.0130693
2.33221 1.85209 0.0141337
2.38939 1.91953 0.0128105
2.29679 1.95145 0.0117691
2.36186 1.99804 0.0110745
2.40604 2.00974 0.0115262
2.38117 2.03122 0.00880862
2.34217 2.09402 0.00986187
2.38549 2.12019 0.0107551
2.40347 2.13992 0.0122731
2.43125 2.16461 0.00998075
2.42933 2.187 0.012628
2.41251 2.1806 0.0102168
2.36481 2.28574 0.0111351
2.42449 2.33144 0.0107596
2.42571 2.31189 0.0106193
2.43278 2.36902 0.012971
2.4404 2.34535 0.00903433
2.4309 2.42037 0.00939046
2.44478 2.42542 0.00897675
2.48104 2.44841 0.00867388
2.4688 2.54873 0.00849488
2.46141 2.51159 0.00986717
2.45503 2.58388 0.00937917
2.45776 2.56975 0.008925
2.47373 2.6554 0.0116558
2.41595 2.61855 0.0102498
2.34935 2.79914 0.008847
2.44486 2.68256 0.0112444
2.47317 2.70842 0.0104375
2.49139 2.7998 0.011499
2.46103 2.81234 0.0135602
2.47964 2.83443 0.0116506
2.46658 2.86555 0.0112309
2.43595 2.88467 0.0123651
2.51181 2.94415 0.0113958
2.48187 2.9606 0.0119435
2.45385 2.99227 0.0126931
2.48473 3.03221 0.00997858
2.46865 3.02508 0.0125674
2.53104 3.07162 0.013001
2.46926 3.0836 0.0108232
2.4378 3.12663 0.00907108
2.50712 3.13017 0.00901317
2.53985 3.2284 0.008734
2.52623 3.178 0.00909013
2.50926 3.28492 0.0116478
2.57409 3.29264 0.0119507
2.51751 3.28968 0.011136
2.47446 3.37013 0.00921483
2.50235 3.35338 0.0101388
2.53869 3.3451 0.0121245
2.50106 3.44368 0.0132215
2.5419 3.48537 0.0136856
2.56494 3.5009 0.0145686
2.57392 3.48212 0.0131862
2.55394 3.51089 0.0142359
2.57048 3.56992 0.0104675
2.53207 3.61504 0.0124688
2.57664 3.57692 0.0136739
2.56626 3.63706 0.0121091
2.61146 3.65239 0.0133475
2.60745 3.69547 0.0125117
2.54843 3.78593 0.0124312
2.62129 3.78826 0.010513
2.58756 3.7842 0.0119808
2.55227 3.85271 0.011135
2.56385 3.91726 0.0121923
2.57215 3.89291 0.0107927
2.57549 3.95331 0.010415
2.60511 3.96512 0.0119693
2.5701 4.01817 0.0134574
2.58227 4.0683 0.0141313
2.60484 4.08079 0.0154844
2.61847 4.04138 0.0144443
2.61757 4.11627 0.0104414
2.64518 4.14382 0.00995283
2.59829 4.15937 0.010421
2.64866 4.15727 0.0108633
2.59957 4.21077 0.0130108
2.61202 4.25667 0.0113951
2.63738 4.25833 0.0125966
2.68642 4.3663 0.0136519
2.65277 4.31873 0.0144268
2.64912 4.3739 0.0128279
2.63937 4.38942 0.0100321
2.65754 4.38774 0.00982417
2.6537 4.45002 0.0112313
2.6648 4.54323 0.0128844
2.65912 4.54163 0.0134868
2.63598 4.55745 0.0125952
2.68579 4.59621 0.00984908
2.61422 4.59682 0.0111445
2.63492 4.65704 0.0112557
2.67771 4.6978 0.0102505
2.69673 4.78621 0.00987871
2.62967 4.74751 0.0108872
2.72955 4.81526 0.0104027
2.6497 4.7881 0.0100083
2.65564 4.84346 0.0114966
2.69836 4.82152 0.00980325
2.72905 4.94776 0.0114723
2.68661 4.92997 0.0136351
2.73332 4.92559 0.0144544
2.74146 4.95101 0.0147246
2.71764 5.06451 0.0136978
2.7216 5.0164 0.0116553
2.71968 5.07568 0.0129472
2.76044 5.12149 0.0134041
2.73184 5.12979 0.0130275
2.75131 5.17735 0.0116574
2.7884 5.17298 0.0123998
2.73049 5.20051 0.00972479
2.74129 5.27837 0.0107963
2.72237 5.26216 0.0104815
2.75975 5.36574 0.011407
2.8234 5.34248 0.0123307
2.82309 5.34858 0.00924387
2.79596 5.39052 0.0107453
2.77281 5.41827 0.0106208
2.80757 5.48391 0.01168
2.86748 5.48667 0.0121591
2.87699 5.46884 0.0123725
2.86825 5.52936 0.0140202
2.86079 5.56485 0.014299
2.87102 5.52566 0.0138565
2.89438 5.64683 0.0137547
2.86038 5.64231 0.0156945
2.87211 5.68168 0.0130359
2.95249 5.64679 0.0121131
2.91418 5.7658 0.0142971
2.88706 5.77269 0.0109784
2.90851 5.76308 0.0130818
2.92111 5.81003 0.0129401
2.89842 5.85672 0.0131818
2.91424 5.87877 0.0100322
2.94102 5.91151 0.0110738
2.90595 5.90074 0.0132041
2.86868 5.95448 0.0125167
2.89831 5.97693 0.0132199
2.92299 5.98994 0.0139529
2.92146 6.09532 0.0142938
2.98824 6.08332 0.013523
2.91494 6.1247 0.0141256
2.92265 6.11186 0.0132256
2.93316 6.15422 0.0123959
2.96526 6.19127 0.0127085
2.92827 6.18944 0.0119147
2.9384 6.26957 0.0124247
2.91033 6.28109 0.0125566
2.97227 6.29559 0.0124772
2.93792 6.37802 0.0129996
2.95005 6.37525 0.0133454
2.96148 6.46326 0.013523
2.95913 6.44922 0.0163669
2.98406 6.47276 0.0167178
2.9891 6.47726 0.0121932
2.9995 6.51326 0.012286
3.02712 6.57466 0.00942229
3.04763 6.59008 0.0122362
3.03863 6.54725 0.0145842
3.06574 6.62469 0.0137738
2.9678 6.6623 0.014469
3.05249 6.68547 0.0141913
3.03015 6.6989 0.0126197
3.04446 6.72145 0.0144467
3.00706 6.81263 0.0123735
3.03411 6.81102 0.0133394
3.02237 6.83798 0.0125713
3.04907 6.86569 0.0129481
3.06854 6.88021 0.0135646
3.00137 6.93391 0.0144066
3.07148 7.01996 0.0139697
3.04196 6.98503 0.0133685
3.05693 6.99646 0.0098875
3.10224 7.05321 0.0118003
3.10348 7.05322 0.0147993
3.07349 7.10065 0.0114902
3.13216 7.18879 0.0121033
3.08095 7.1957 0.0105077
3.02466 7.19077 0.0116109
3.11019 7.23857 0.0130134
3.16095 7.25139 0.00972975
3.09897 7.35232 0.00963533
3.11864 7.38574 0.0116835
3.13366 7.32948 0.0134326
3.06396 7.44317 0.0109816
3.17684 7.42261 0.0108115
3.16735 7.45798 0.0117099
3.1229 7.43066 0.0111097
3.2003 7.46334 0.010955
3.12908 7.49717 0.0121553
3.14453 7.52958 0.0135683
3.12098 7.57565 0.0118016
3.21404 7.18856 0.0131465
3.10833 7.57026 0.0119638
3.23512 7.60776 0.0136487
3.18564 7.67067 0.0140593
3.19134 7.66711 0.0139007
3.20834 7.7904 0.0111522
3.20882 7.83008 0.0119896
3.19424 7.83086 0.0107426
3.20615 7.84986 0.010953
3.23909 7.86455 0.0117796
3.24925 7.96978 0.0142551
3.2528 7.9556 0.0116835
3.22827 8.01708 0.0102908
3.28123 7.98989 0.0125498
3.20885 8.03515 0.0119773
3.2235 8.03652 0.0105473
3.20291 8.06481 0.0123173
3.22139 8.14481 0.0118219
3.29025 8.13142 0.0118562
3.30571 8.16762 0.0129056
3.25753 8.21384 0.0125616
3.32152 8.23176 0.0120468
3.28809 8.23623 0.0133364
3.30466 8.30715 0.0117765
3.33463 8.30871 0.0118333
3.29599 8.32993 0.0129024
3.31208 8.3291 0.0137446
3.29901 8.42279 0.012077
3.31259 8.44012 0.013029
3.36301 8.4598 0.0119133
3.33359 8.48344 0.0136795
3.33869 8.49868 0.0129499
3.34286 8.58551 0.0114979
3.33071 8.5769 0.0131039
3.36011 8.62029 0.0142163
3.38965 8.63182 0.0146781
3.34511 8.68991 0.0135984
3.40613 8.7047 0.013196
3.35821 8.73047 0.0112099
3.42153 8.75302 0.0118632
3.41302 8.8337 0.0136022
3.4415 8.84961 0.0105811
3.46982 8.89045 0.00903246
3.44756 8.85621 0.00927021
3.39659 8.93532 0.0124741
3.38941 8.94484 0.0136531
3.40394 8.98469 0.0151576
3.43317 9.05807 0.0150213
3.41021 9.06449 0.0126519
3.47583 9.06922 0.0135062
3.45599 9.08312 0.0136058
3.54089 9.10717 0.0117302
3.49623 9.13598 0.0126725
3.53997 9.18747 0.0138087
3.47963 9.18137 0.0145377
3.52903 9.27143 0.0133577
3.49655 9.22914 0.0124038
3.488 9.2545 0.0112563
3.52243 9.28191 0.0121438
3.51716 9.2452 0.014453
3.49512 9.27488 0.0151386
3.49427 9.27118 0.0145702
3.48651 9.26265 0.0141826
3.48528 9.26475 0.0134088
3.53533 9.29487 0.0141601
3.52272 9.28722 0.01253
3.46784 9.26826 0.0118168
3.45984 9.29576 0.0139484
3.47705 9.26895 0.00936225
3.48348 9.3059 0.0101866
3.51359 9.28746 0.013312
3.48774 9.30838 0.0143999
3.47911 9.26867 0.0134449
3.5054 9.3402 0.0122889
3.51865 9.28607 0.0133328
3.46471 9.3079 0.0114589
3.50328 9.33321 0.0125651
3.52006 9.28173 0.0134837
3.53125 9.32586 0.0136715
3.51121 9.29503 0.0133127
3.48415 9.22773 0.0120358
3.47012 9.3188 0.0124314
3.44791 9.27042 0.0139585
3.5106 9.28019 0.010948
3.49006 9.31034 0.0132066
3.49272 9.28468 0.0139112
3.48179 9.29268 0.0140419
3.47771 9.33413 0.0140157
3.52359 9.30692 0.0132898
3.50237 9.31962 0.0139941
3.49268 9.32773 0.0118158
3.48205 9.35651 0.0113922
3.51863 9.38424 0.0142505
3.46977 9.39407 0.0129758
3.49754 9.37514 0.0119577
3.54255 9.38101 0.0132315
3.53081 9.47618 0.0119143
3.52202 9.47419 0.0117667
3.47693 9.47687 0.0131663
3.51568 9.58647 0.0164163
3.54073 9.57546 0.0144113
3.5349 9.56065 0.0136208
3.59294 9.59152 0.0135583
3.57612 9.60175 0.0137941
3.56235 9.62565 0.013835
3.57258 9.68715 0.0111212
3.5525 9.65674 0.0124234
3.59592 9.68053 0.0124141
3.60859 9.6924 0.0125671
3.64437 9.70254 0.0108002
3.56985 9.76332 0.0114502
3.57024 9.7741 0.0111762
3.57532 9.76157 0.0104616
3.55427 9.75198 0.0110613
3.56351 9.74753 0.0117409
3.58037 9.8038 0.0112807
3.58868 9.79526 0.0115399
3.58678 9.78704 0.00936254
3.5689 9.82153 0.0106288
3.57141 9.80655 0.0116015
3.57002 9.78564 0.0118113
3.5905 9.82913 0.0124894
3.61395 9.85147 0.0136125
3.59683 9.84047 0.0105914
3.57609 9.92112 0.0118952
3.58657 9.90735 0.0130908
3.62344 9.98098 0.0105375
3.57727 9.94912 0.0107902
3.59004 9.99071 0.0113087
3.61521 10.05 0.0129127
3.61871 10.079 0.0156971
3.65999 10.042 0.0131318
3.58899 10.0968 0.0117254
3.58456 10.1245 0.0121849
3.58234 10.1152 0.0140708
3.59793 10.1864 0.0143907
3.61527 10.2141 0.0148797
3.66137 10.2642 0.0152446
3.54946 10.3087 0.0137123
3.61437 10.3604 0.0134275
3.62201 10.3403 0.0127596
3.63098 10.3444 0.0140859
3.57466 10.37 0.0133789
3.63929 10.4403 0.0128528
3.64083 10.4279 0.013126
3.59373 10.5364 0.0127983
3.60225 10.5036 0.0137265
3.60687 10.5381 0.0148745
3.60617 10.5461 0.0147768
3.6284 10.5973 0.0157753
3.5323 10.3772 0.0153802
3.60156 10.6503 0.0121659
3.51244 10.6416 0.0154304
3.60206 10.7036 0.031329
3.55402 10.7029 0.0324127
3.41236 10.467 0.0361208
3.60037 10.7307 0.0324384
3.57761 10.891 0.03725
3.27797 10.5959 0.0319935
3.44338 10.607 0.046054
3.48832 10.7791 0.0385425
3.3417 10.5813 0.043025
3.3536 10.5597 0.0435279
3.32001 10.588 0.0332041
3.4682 10.8622 0.0364338
3.35373 11.122 0.0324123
3.40711 11.0817 0.0350456
3.45904 11.1621 0.0344383
3.25983 10.7131 0.032271
3.24763 10.7251 0.0327827
3.49987 11.0863 0.0327632
3.19507 10.7826 0.0446925
3.19308 10.8293 0.0394982
3.28456 11.0762 0.0368729
3.18341 10.8669 0.0377886
3.17946 10.9388 0.0323451
3.12572 10.8955 0.0358228
3.37332 11.1458 0.0426685
3.06813 10.9429 0.0351663
3.06457 11.0012 0.0405267
3.12611 11.2586 0.034867
3.14909 11.3746 0.0346831
3.08744 11.055 0.0328275
3.1114 11.022 0.0313468
2.98886 11.1428 0.038857
3.20629 11.4717 0.0385488
2.99948 11.1164 0.0379722
2.928 11.1916 0.0329022
3.08434 11.4707 0.0345391
3.07251 11.7061 0.0337822
3.11471 11.7035 0.0316764
3.10787 11.7639 0.0320969
2.81257 11.4808 0.0310493
2.99043 11.8145 0.032825
2.90495 11.3382 0.0323625
2.80582 11.3406 0.0348079
2.75017 11.3612 0.0374804
2.74861 11.3757 0.0412847
2.72288 11.4181 0.0368431
2.7579 11.4274 0.0465785
2.65543 11.3696 0.0369363
2.68894 11.4847 0.0420412
2.6587 11.4616 0.0401727
2.65429 11.5414 0.0343459
2.5939 11.5268 0.0309089
2.59383 11.7574 0.0320099
2.55175 11.5941 0.0341389
2.60057 11.9365 0.026968
2.63961 12.0276 0.0300506
2.68125 12.1289 0.0286836
2.6818 12.1543 0.0318712
2.63383 12.2201 0.0283148
2.60531 12.3005 0.031509
2.54713 12.2574 0.0258565
2.55636 12.2626 0.0260208
2.48027 12.316 0.0255159
2.52362 12.3375 0.0302737
2.44265 12.3014 0.0265935
2.39335 12.3782 0.0346821
2.37809 12.3866 0.0300046
2.34647 12.3914 0.0256497
2.29125 12.4104 0.0312782
2.33181 12.4231 0.0303189
2.32251 12.4277 0.029293
2.19782 12.4158 0.0267155
2.12316 12.4291 0.0271766
2.14866 12.4619 0.027406
2.10648 12.4313 0.0268933
2.03049 12.4015 0.0315951
2.08505 12.445 0.0261233
2.05659 12.46 0.0292745
1.94081 12.5074 0.0279842
1.95429 12.422 0.0318377
1.91531 12.5201 0.0346531
1.87111 12.5045 0.0318669
1.85719 12.4193 0.027823
1.88014 12.4356 0.026566
1.75106 12.5029 0.0262674
1.79791 12.4772 0.035711
1.73415 12.4945 0.0330575
1.69201 12.5068 0.0272252
1.64559 12.448 0.0312712
1.59777 12.4355 0.0281425
1.58303 12.4609 0.0312306
1.56858 12.5081 0.034723
1.54827 12.4689 0.0269638
1.48393 12.5155 0.0313859
1.49166 12.5613 0.0309616
1.49059 12.5433 0.0280922
1.46024 12.4857 0.0332879
1.39459 12.593 0.0266163
1.35988 12.5278 0.0308326
1.33475 12.6024 0.0286148
1.30425 12.5694 0.0294722
1.30612 12.5482 0.0265676
1.23237 12.5671 0.0253514
1.17892 12.5459 0.026286
1.18472 12.5535 0.0312577
1.15418 12.5652 0.0261879
1.08955 12.575 0.0314735
1.07944 12.5967 0.0322188
1.06612 12.5575 0.0291165
1.03302 12.6046 0.0320315
0.993372 12.6039 0.0294504
0.986522 12.5255 0.0305032
0.916129 12.5784 0.0290888
0.920304 12.5868 0.0303601
0.837454 12.6027 0.0337106
0.817102 12.5551 0.029201
0.834581 12.5568 0.033536
0.826143 12.5569 0.0288193
0.756217 12.5373 0.0318044
0.711057 12.5609 0.0286127
0.652364 12.5339 0.0287665
0.612917 12.5814 0.0334592
0.63002 12.5068 0.030883
0.54652 12.5758 0.0293992
0.571595 12.553 0.0298314
0.487374 12.5353 0.0333018
0.500405 12.5147 0.0267099
0.445961 12.5071 0.0352885
0.44863 12.5105 0.02903
0.341825 12.5128 0.0442609
0.392399 12.538 0.0235502
0.326042 12.4784 0.0292047
0.245443 12.4516 0.0250917
0.208998 12.4688 0.0283914
0.21994 12.5494 0.0323979
0.175333 12.5063 0.0272418
0.174921 12.5178 0.030713
0.119407 12.5008 0.0260519
0.0305877 12.4633 0.0264714
0.0560247 12.5136 0.0227714
0.0280195 12.4547 0.027259
0.0407962 12.5445 0.024457
-0.0694523 12.5041 0.0284825
-0.0720919 12.429 0.0285508
-0.114634 12.4721 0.0295613
-0.130572 12.4442 0.0300846
-0.219243 12.4281 0.0263019
-0.174294 12.4168 0.0291577
-0.200684 12.4518 0.0296334
-0.242628 12.4031 0.026234
-0.329161 12.4382 0.0318242
-0.268228 12.4728 0.0269052
-0.307539 12.3629 0.0264377
-0.374076 12.1212 0.030277
-0.365833 11.9457 0.0310482
-0.431684 11.8899 0.034618
-0.465002 11.8636 0.0351345
-0.553662 11.8446 0.0343378
-0.469139 12.1975 0.036866
-0.615678 11.8554 0.0410461
-0.610242 11.8257 0.0339411
-0.695494 11.7839 0.032041
-0.568673 12.2435 0.0361771
-0.725979 11.8975 0.0393975
-0.790018 11.8755 0.0508274
-0.781437 11.8647 0.038609
-0.68299 12.1855 0.0344371
-0.708692 12.1951 0.0372242
-0.965403 11.9954 0.0357491
-0.853096 12.159 0.0310587
-0.809023 12.1372 0.040204
-0.853833 11.9063 0.0368806
-0.900972 11.8147 0.0325195
-0.993796 11.7831 0.0327832
-0.947715 11.7734 0.0365964
-0.948525 12.0517 0.0367394
-1.0286 11.7352 0.0340188
-1.01408 12.0075 0.0334369
-1.00943 11.9284 0.0341209
-1.0648 11.6607 0.0378036
-1.07159 11.905 0.0393408
-1.0789 11.8769 0.0325502
-1.0941 11.9076 0.0445224
-1.21971 11.5708 0.0322919
-1.23847 11.5164 0.0319687
-1.14336 11.7883 0.0309866
-1.20145 11.5064 0.0340123
-1.23836 11.7781 0.0345344
-1.19379 11.3752 0.0397262
-1.3129 11.6778 0.034085
-1.27495 11.4672 0.0376408
-1.30501 11.3547 0.0324748
-1.29419 11.6148 0.0303665
-1.30983 11.6224 0.0352404
-1.33801 11.3499 0.0360123
-1.33751 11.2879 0.0361543
-1.3692 11.2343 0.0345128
-1.4433 11.2307 0.0338833
-1.36453 11.4546 0.0321735
-1.39031 11.1236 0.0340485
-1.44084 11.1616 0.0305019
-1.42159 11.2964 0.0311384
-1.4452 11.0743 0.0377068
-1.45887 11.3029 0.0349745
-1.41878 11.2782 0.0320127
-1.47622 11.214 0.0378131
-1.59956 10.986 0.0314087
-1.45233 11.1771 0.0315809
-1.43394 10.9526 0.0390913
-1.48484 11.0831 0.0314207
-1.47956 11.0824 0.0344956
-1.50096 11.0597 0.0303876
-1.52457 10.9806 0.0367756
-1.50693 10.9717 0.0321872
-1.49886 10.9529 0.0328508
-1.46024 10.8975 0.0316146
-1.49317 10.9089 0.0298397
-1.41889 10.8446 0.0341396
-1.56556 10.821 0.0336283
-1.48484 10.816 0.0358611
-1.51423 10.7477 0.0397577
-1.41672 10.7039 0.0347349
-1.49118 10.7365 0.033583
-1.43775 10.6568 0.0324599
-1.43769 10.6376 0.03383
-1.39597 10.6179 0.0295904
-1.42678 10.5793 0.0317257
-1.43437 10.5318 0.0317202
-1.37496 10.5413 0.0293739
-1.39297 10.4843 0.0276935
-1.35732 10.4666 0.0308282
-1.34387 10.4037 0.030875
-1.31344 10.3871 0.0298842
-1.35315 10.3142 0.0322595
-1.31951 10.3445 0.0308329
-1.30032 10.314 0.0301707
-1.24018 10.2876 0.0288102
-1.22721 10.2304 0.0287293
-1.27113 10.2179 0.0313152
-1.21387 10.1406 0.0322022
-1.23945 10.1613 0.0336272
-1.22615 10.1169 0.0399342
-1.24028 10.0788 0.034741
-1.1827 10.0748 0.030509
-1.24363 10.0355 0.0405105
-1.19454 10.0364 0.0324775
-1.20531 9.95165 0.0311772
-1.12817 9.97609 0.0306972
-1.14412 9.82714 0.028644
-1.16157 9.86287 0.027811
-1.15055 9.89512 0.0325213
-1.19546 9.74033 0.0318068
-1.13672 9.80242 0.0342732
-1.07641 9.73535 0.0325148
-1.14263 9.71041 0.0287072
-1.12349 9.65172 0.0338588
-1.06697 9.6195 0.0318558
-1.06829 9.64485 0.0287335
-1.04474 9.58977 0.0278322
-1.03748 9.5968 0.0347683
-1.0385 9.54365 0.0391285
-1.07686 9.50828 0.0275969
-1.03207 9.49191 0.0340898
-1.05938 9.44787 0.110518
-1.00679 9.43667 0.0273222
-1.03589 9.38804 0.0347052
-1.00518 9.41148 0.0307688
-0.953844 9.34147 0.0345812
-0.984751 9.28472 0.0293151
-0.97185 9.26775 0.039575
-0.977821 9.18782 0.0320237
-0.926576 9.25389 0.0302799
-0.953076 9.17273 0.0308399
-0.942982 9.14701 0.0308897
-0.908641 9.13247 0.0311736
-0.903548 9.06612 0.0384585
-0.940471 9.02782 0.0339005
-0.89634 8.99865 0.0307103
-0.964859 9.02534 0.0332625
-0.922679 8.95515 0.0305484
-0.900334 8.95765 0.0304615
-0.914626 8.87458 0.0367094
-0.839455 8.88536 0.0378054
-0.976 8.83012 0.030556
-0.892842 8.7773 0.0297572
-0.864478 8.79457 0.034268
-0.877271 8.73125 0.0322268
-0.841741 8.70157 0.0297745
-0.855873 8.70719 0.0309616
-0.845402 8.61184 0.0370058
-0.845237 8.60596 0.0424115
-0.869854 8.52957 0.0334913
-0.864189 8.54633 0.0334593
-0.883852 8.50605 0.0329646
-0.753973 8.5307 0.0319953
-0.773388 8.50722 0.02941
-0.755937 8.47158 0.0294555
-0.840176 8.44428 0.0299725
-0.814906 8.42966 0.030784
-0.732724 8.34114 0.0452859
-0.737874 8.33091 0.0480067
-0.758785 8.2943 0.0669676
-0.712903 8.30101 0.0307795
-0.733397 8.28306 0.031555
-0.709891 8.20745 0.0279815
-0.747839 8.2288 0.0327892
-0.760761 8.20516 0.0316773
-0.749419 8.12385 0.0322928
-0.687692 8.09871 0.0324524
-0.748859 8.09881 0.0314089
-0.719289 8.03537 0.0271389
-0.674402 8.06411 0.0297847
-0.729837 7.91306 0.0327491
-0.720823 7.89269 0.0302994
-0.712806 7.89878 0.0338973
-0.674203 7.92742 0.0357894
-0.660398 7.87132 0.0319031
-0.670517 7.87033 0.0361676
-0.664364 7.78144 0.0372942
-0.654847 7.79262 0.0332983
-0.687989 7.78972 0.0406713
-0.709204 7.72755 0.0293818
-0.667043 7.66038 0.0302954
-0.63842 7.68068 0.0307285
-0.647343 7.58494 0.0327788
-0.599431 7.62462 0.0308002
-0.640993 7.60229 0.0319662
-0.633851 7.46823 0.029247
-0.606144 7.51079 0.0302788
-0.632093 7.49019 0.0310209
-0.651329 7.48175 0.0312592
-0.605193 7.39236 0.0334319
-0.634477 7.39414 0.0366325
-0.622239 7.3518 0.0305788
-0.533923 7.28458 0.0291857
-0.564216 7.26181 0.0331755
-0.565846 7.25833 0.031809
-0.557397 7.24619 0.0270305
-0.619341 7.16804 0.0328375
-0.577198 7.17659 0.0381082
-0.574479 7.05904 0.0350557
-0.616312 7.0991 0.0292066
-0.541519 7.13042 0.0297944
-0.590788 7.05291 0.0362609
-0.573638 7.05348 0.03337
-0.57578 7.02887 0.0285474
-0.525851 6.98541 0.028494
-0.547013 6.92961 0.0322809
-0.58247 6.8527 0.0336721
-0.55301 6.91728 0.0286227
-0.544778 6.80802 0.0321209
-0.558296 6.83894 0.028707
-0.549078 6.74331 0.0284785
-0.511749 6.75869 0.0289522
-0.575853 6.7303 0.0313313
-0.497358 6.72781 0.0316489
-0.495506 6.6338 0.029415
-0.566432 6.64 0.0422785
-0.519422 6.61282 0.031485
-0.518845 6.5502 0.0308482
-0.583813 6.53461 0.0294076
-0.550141 6.50057 0.0353907
-0.538481 6.51989 0.0321491
-0.524022 6.40635 0.033858
-0.527172 6.48902 0.0296268
-0.527046 6.41733 0.034962
-0.513015 6.33641 0.0319814
-0.515066 6.32178 0.02954
-0.542447 6.30964 0.0302405
-0.516618 6.24546 0.0358332
-0.492487 6.2957 0.0362877
-0.514137 6.21152 0.0354148
-0.554219 6.1939 0.0287371
-0.539525 6.15655 0.0333449
-0.489747 6.13281 0.0280418
-0.49932 6.14811 0.0291776
-0.48745 6.02388 0.0289064
-0.503281 6.09736 0.0304167
-0.546135 6.02773 0.028006
-0.49086 5.95097 0.0338145
-0.531923 5.9533 0.0294985
-0.509852 5.94859 0.0312315
-0.525083 5.9003 0.0413438
-0.490852 5.86806 0.0284292
-0.515958 5.86574 0.0301083
-0.567515 5.81708 0.0352272
-0.55459 5.80093 0.0326725
-0.533787 5.79606 0.0329707
-0.563433 5.72479 0.030963
-0.496331 5.71594 0.0286328
-0.480374 5.69407 0.0348253
-0.528731 5.66242 0.0277125
-0.537082 5.6763 0.0320067
-0.530499 5.61809 0.0299152
-0.503778 5.54868 0.0282915
-0.507949 5.47488 0.0326587
-0.484258 5.49145 0.031311
-0.530426 5.45324 0.0319523
-0.523735 5.48605 0.0336668
-0.524093 5.39098 0.0289435
-0.488166 5.38652 0.0332613
-0.471322 5.36991 0.0440781
-0.514037 5.33123 0.0315722
-0.512689 5.30905 0.0418141
-0.576243 5.26374 0.0395035
-0.579421 5.24754 0.038179
-0.554068 5.1934 0.0283675
-0.556253 5.1759 0.0325338
-0.553872 5.14481 0.0302405
-0.542933 5.15164 0.0296903
-0.555748 5.13011 0.0301772
-0.51083 5.11107 0.0298635
-0.519105 5.02815 0.0293237
-0.540817 5.0228 0.0311542
-0.537282 5.04005 0.0327345
-0.537115 5.01139 0.032245
-0.565759 4.96684 0.0295096
-0.566117 4.92384 0.0299337
-0.5175 4.85131 0.0341095
-0.592379 4.86485 0.0283704
-0.588238 4.8364 0.0334692
-0.553137 4.78127 0.0355378
-0.57451 4.71967 0.0344504
-0.55551 4.69041 0.03048
-0.563144 4.72468 0.0309995
-0.593811 4.6711 0.0287297
-0.544528 4.63814 0.0330086
-0.545034 4.61707 0.0281067
-0.518847 4.53618 0.0291757
-0.578608 4.54625 0.0284708
-0.568088 4.50273 0.0361885
-0.538765 4.50706 0.0326838
-0.579868 4.41029 0.031204
-0.580327 4.36598 0.0288009
-0.547381 4.44629 0.0295108
-0.623644 4.37427 0.0328327
-0.572349 4.34213 0.0286042
-0.503833 4.25849 0.0315357
-0.554009 4.25521 0.032687
-0.616855 4.21913 0.030879
-0.545155 4.24627 0.0295467
-0.54731 4.19251 0.0315745
-0.573008 4.12709 0.030736
-0.629175 4.13684 0.0333849
-0.511097 4.08186 0.0317196
-0.582329 4.06409 0.0273949
-0.57258 4.03566 0.0305672
-0.600911 3.97784 0.0342549
-0.606092 4.00813 0.0286528
-0.602695 3.95206 0.0296905
-0.628571 3.9399 0.0269469
-0.654385 3.91316 0.0271308
-0.605538 3.82825 0.0284387
-0.664406 3.79705 0.0320428
-0.600238 3.78627 0.0274135
-0.653886 3.74892 0.026713
-0.617943 3.73873 0.0279836
-0.659853 3.76158 0.0312825
-0.648883 3.65531 0.0311993
-0.661308 3.6657 0.0304417
-0.689178 3.61725 0.0295949
-0.642207 3.55213 0.028445
-0.635642 3.57541 0.0302995
-0.625414 3.48426 0.0314011
-0.673584 3.49771 0.0349033
-0.634192 3.44767 0.0271702
-0.632183 3.44168 0.0335051
-0.625429 3.37132 0.0268223
-0.67244 3.37496 0.0333762
-0.709359 3.36481 0.0306107
-0.705747 3.29135 0.0274334
-0.695684 3.29437 0.037747
-0.6989 3.23564 0.0272387
-0.669288 3.23252 0.0327308
-0.685839 3.17129 0.0289648
-0.728067 3.15012 0.0289383
-0.716569 3.11885 0.0282959
-0.643049 3.09226 0.0283759
-0.69997 3.01129 0.0264923
-0.751531 3.02379 0.0356231
-0.713033 2.98792 0.0302208
-0.681298 2.98846 0.0344931
-0.712117 2.90889 0.0307633
-0.746707 2.90621 0.0280792
-0.701883 2.8683 0.0301878
-0.692285 2.83095 0.0324583
-0.744495 2.81653 0.027454
-0.680137 2.80167 0.0257517
-0.69911 2.71949 0.0278363
-0.72773 2.69053 0.0284818
-0.738553 2.7299 0.0290387
-0.751183 2.69131 0.036101
-0.718972 2.6542 0.0263851
-0.710719 2.59224 0.0272387
-0.699784 2.61054 0.0281328
-0.784407 2.53386 0.0361323
-0.7675 2.5348 0.0249935
-0.733908 2.49401 0.0374499
-0.706954 2.45635 0.0273708
-0.713617 2.45497 0.0285196
-0.732105 2.41996 0.0261108
-0.747402 2.355 0.03044
-0.737824 2.34952 0.0273722
-0.782575 2.33972 0.0299365
-0.784089 2.25675 0.0285781
-0.822194 2.27813 0.0279376
-0.784819 2.20173 0.0308714
-0.725664 2.15958 0.0296856
-0.797637 2.19284 0.0287353
-0.778852 2.08414 0.0268899
-0.79954 2.10126 0.0300926
-0.76643 2.08739 0.0280458
-0.764633 1.94284 0.0300639
-0.743336 2.00929 0.0302068
-0.755328 2.00681 0.0317009
-0.800519 1.97089 0.0334737
-0.761477 1.91966 0.0308406
-0.779309 1.8848 0.0275088
-0.764819 1.86359 0.0273865
-0.782788 1.77461 0.0265052
-0.753063 1.8055 0.0274937
-0.750151 1.78494 0.0298372
-0.763178 1.73467 0.0283941
-0.789755 1.74229 0.0279235
-0.815337 1.7067 0.0274693
-0.750699 1.66679 0.0275791
-0.874976 1.60209 0.0324767
-0.848171 1.57986 0.0261505
-0.823363 1.5977 0.0277179
-0.785809 1.51029 0.0252071
-0.831331 1.45923 0.0291857
-0.850099 1.46782 0.033928
-0.820375 1.39988 0.0290327
-0.796504 1.40473 0.0278157
-0.842256 1.33895 0.0279261
-0.744053 1.35756 0.0260806
-0.834805 1.27219 0.0273457
-0.863371 1.30444 0.0292189
-0.814115 1.29128 0.028731
-0.842393 1.16285 0.0235938
-0.859161 1.22185 0.0252126
-0.858559 1.18166 0.0284823
-0.878473 1.16826 0.0289129
-0.826089 1.07833 0.0310482
-0.83152 1.06284 0.026821
-0.864608 1.07926 0.0285075
-0.844247 1.00872 0.0308465
-0.849375 0.981236 0.026493
-0.889991 0.913657 0.0304478
-0.878938 0.928711 0.0265972
-0.899032 0.907517 0.0271722
-0.887803 0.881115 0.0284677
-0.836801 0.796659 0.0294571
-0.852008 0.83159 0.0291612
-0.867181 0.707077 0.0311306
-0.919193 0.739808 0.0330128
-0.85789 0.657269 0.0279345
-0.895545 0.680306 0.0263252
-0.862631 0.638087 0.039467
-0.883639 0.592281 0.031861
-0.942389 0.56451 0.0254408
-0.869835 0.557546 0.0288206
-0.880998 0.590008 0.030206
-0.919291 0.509853 0.0264106
-0.896395 0.45097 0.0271298
-0.895063 0.458224 0.0265492
-0.856217 0.395573 0.0265592
-0.877909 0.409835 0.028666
-0.928239 0.373162 0.0280946
-0.890351 0.310215 0.0247803
-0.911473 0.267903 0.0279579
-0.954547 0.276452 0.0291227
-0.887813 0.304196 0.0307129
-0.952955 0.222022 0.0284663
-0.900075 0.236212 0.0262632
-0.916965 0.217387 0.030386
-0.894364 0.166821 0.0272801
-0.905664 0.084763 0.0280224
-0.890666 0.0238027 0.029591
-0.903015 0.0517692 0.0278794
-0.931345 -0.058086 0.0280505
-0.92464 -0.0225299 0.0280309
-0.908499 -0.0770741 0.0241492
-0.93164 -0.0728782 0.0261638
-0.934505 -0.0843872 0.0279935
-0.941994 -0.123297 0.0254356
-0.932246 -0.245828 0.0239819
-0.956613 -0.20667 0.0260113
-0.967092 -0.286779 0.0270701
-0.966451 -0.328903 0.0389094
-0.960901 -0.362995 0.022755
-1.03646 -0.313066 0.02347
-0.994774 -0.353432 0.0227931
-0.967805 -0.362952 0.0245807
-0.992412 -0.436734 0.0254112
-1.02478 -0.433706 0.0241082
-1.01681 -0.474796 0.0242035
-1.05378 -0.477846 0.0248269
-1.0228 -0.479674 0.028243
-1.09974 -0.557622 0.0312448
-1.07717 -0.50966 0.0264262
-1.09548 -0.604876 0.0266591
-1.11509 -0.589522 0.0264239
-1.12138 -0.6234 0.025306
-1.14064 -0.630018 0.029855
-1.13969 -0.672046 0.0350488
-1.17587 -0.706501 0.028168
-1.19347 -0.748954 0.0266727
-1.2297 -0.772444 0.0265864
-1.20457 -0.805034 0.0351615
-1.21295 -0.809345 0.030365
-1.23637 -0.855938 0.0260123
-1.18572 -0.875678 0.026204
-1.22976 -0.907366 0.0277999
-1.30688 -0.945218 0.0295423
-1.30717 -0.959673 0.0263643
-1.30796 -0.949578 0.0264654
-1.27058 -0.942367 0.0257755
-1.35078 -1.0059 0.0270225
-1.31912 -1.07843 0.0263744
-1.34845 -1.02439 0.0283391
-1.29724 -1.1203 0.0267903
-1.32086 -1.10507 0.0282071
-1.30944 -1.15271 0.0291045
-1.30241 -1.20683 0.0262803
-1.34718 -1.21652 0.0262591
-1.32771 -1.24283 0.0278329
-1.33054 -1.25329 0.0303588
-1.3536 -1.29637 0.0269058
-1.35566 -1.32647 0.0265413
-1.34985 -1.36566 0.0245739
-1.31866 -1.33987 0.0238194
-1.32015 -1.40409 0.022776
-1.27132 -1.46718 0.0284411
-1.38397 -1.41993 0.0236614
-1.31009 -1.52367 0.0262105
-1.37789 -1.53528 0.0284256
-1.29023 -1.54904 0.0338198
-1.35446 -1.60278 0.0249133
-1.26238 -1.6442 0.0265675
-1.28314 -1.62178 0.0320967
-1.24164 -1.73591 0.0210802
-1.23156 -1.68596 0.0237626
-1.22968 -1.72296 0.0329636
-1.2627 -1.77468 0.0202366
-1.23467 -1.82684 0.0202753
-1.21542 -1.83871 0.0245536
-1.18411 -1.80934 0.0206018
-1.19494 -1.88936 0.0224956
-1.18627 -1.94318 0.0212071
-1.11908 -1.91768 0.0252288
-1.10986 -1.96733 0.023141
-1.02101 -1.98322 0.0287274
-1.04152 -2.00729 0.0259977
-0.9702 -2.05439 0.0276868
-1.03701 -2.03934 0.0261579
-0.96332 -2.09287 0.0258383
-0.985096 -2.07369 0.0247666
-0.890873 -2.12053 0.0236176
-0.934945 -2.14789 0.0239702
-0.908251 -2.15492 0.0277888
-0.881776 -2.15892 0.0222005
-0.852083 -2.18266 0.0231476
-0.80114 -2.25751 0.0217735
-0.734471 -2.19204 0.0222587
-0.791172 -2.23134 0.0214797
-0.754154 -2.23323 0.0260729
-0.702631 -2.29643 0.0231526
-0.707238 -2.29701 0.0240973
-0.676257 -2.30866 0.0238222
-0.607034 -2.33392 0.0239376
-0.645708 -2.30398 0.0243422
-0.567128 -2.32076 0.0260553
-0.538946 -2.33676 0.0284155
-0.564855 -2.34984 0.0227955
-0.439092 -2.38844 0.0271825
-0.406632 -2.41199 0.028987
-0.39138 -2.40556 0.0258331
-0.346628 -2.41625 0.0247895
-0.368558 -2.38584 0.023793
-0.278431 -2.41668 0.0270166
-0.278189 -2.38369 0.0236477
-0.238259 -2.3604 0.0231529
-0.226692 -2.3786 0.0258445
-0.0901594 -2.46132 0.0206118
-0.140364 -2.40777 0.0218622
-0.0761704 -2.44 0.025915
-0.0294904 -2.43327 0.0261081
-0.00352891 -2.45016 0.0238022
-0.038587 -2.42056 0.0214187
0.0507706 -2.4543 0.0320575
0.078589 -2.51764 0.0248236
0.0605013 -2.42292 0.0240756
0.140779 -2.44845 0.0210373
0.167824 -2.41721 0.021682
0.227634 -2.45081 0.0215562
0.224988 -2.40018 0.0229092
0.258153 -2.41085 0.0269927
0.270304 -2.44697 0.0214012
0.355967 -2.43179 0.0228044
0.326561 -2.36258 0.0222593
0.374621 -2.37259 0.0207205
0.400678 -2.37346 0.0190003
0.413779 -2.34726 0.018782
0.444093 -2.33843 0.0174963
0.459674 -2.32159 0.0193321
0.594855 -2.39043 0.0183266
0.573328 -2.36345 0.0185888
0.620253 -2.30389 0.0208302
0.622993 -2.36898 0.0212165
0.728166 -2.30928 0.0195641
0.667843 -2.1822 0.017971
0.710907 -2.14623 0.0232528
0.785671 -2.3003 0.026626
0.754255 -2.2361 0.0193733
0.810004 -2.17924 0.0187922
0.863664 -2.22042 0.018656
0.803186 -2.11613 0.018351
0.903586 -2.18123 0.022111
0.919842 -2.03917 0.0404359
0.877488 -2.0033 0.0224267
0.985304 -2.085 0.0292573
0.988576 -2.15127 0.0236497
0.960232 -2.04972 0.0195656
0.965215 -2.03275 0.0233838
1.05953 -2.03033 0.0277233
1.0726 -1.99336 0.0222727
1.02642 -1.90705 0.0231045
1.08954 -1.88181 0.020033
1.10465 -1.86006 0.0207596
1.11776 -1.92442 0.021139
1.09451 -1.89521 0.0256896
1.19629 -1.79657 0.0254227
1.10247 -1.80546 0.0233983
1.14717 -1.76552 0.0242963
1.12565 -1.69814 0.0215578
1.11662 -1.7018 0.0239483
1.16246 -1.69676 0.0287406
1.20856 -1.64453 0.0226288
1.17351 -1.61016 0.0251977
1.19116 -1.58939 0.0216661
1.19859 -1.54213 0.0259643
1.18159 -1.48266 0.0287709
1.2565 -1.46944 0.0428295
1.28122 -1.47934 0.0336917
1.19406 -1.38126 0.0293628
1.19656 -1.43135 0.0284705
1.24899 -1.39284 0.0223817
1.21318 -1.31866 0.0253268
1.24172 -1.35619 0.0250359
1.20646 -1.25485 0.0290785
1.20098 -1.27148 0.0257778
1.20892 -1.18059 0.0284141
1.24172 -1.11996 0.0365247
1.16929 -1.14896 0.0305398
1.20665 -1.08754 0.0278667
1.20619 -1.09943 0.033213
1.26345 -1.01504 0.0217489
1.22703 -1.00638 0.0213369
1.16898 -1.01628 0.028132
1.1489 -0.994646 0.0250591
1.17308 -0.926182 0.0254806
1.15201 -0.823305 0.0388017
1.15658 -0.854254 0.03174
1.14353 -0.837297 0.0358815
1.11472 -0.75507 0.0276172
1.12015 -0.800893 0.0275731
1.13597 -0.73432 0.0309352
1.09623 -0.684301 0.0361992
1.10724 -0.661208 0.0320171
1.1048 -0.665834 0.0353148
1.09112 -0.617933 0.035023
1.07134 -0.557222 0.0287084
1.12999 -0.544171 0.0278729
1.09117 -0.510804 0.032412
1.12528 -0.461291 0.0330701
1.02401 -0.45985 0.0280713
1.02822 -0.445546 0.0304999
1.0633 -0.319717 0.0279999
1.03776 -0.349849 0.026954
1.05229 -0.343735 0.0314823
1.07303 -0.202004 0.0261931
1.08107 -0.231996 0.0334479
1.10802 -0.232492 0.0319593
1.10015 -0.193547 0.0316357
1.01606 -0.13693 0.0330616
1.06211 -0.163205 0.0330625
1.01117 -0.0424621 0.0408049
1.00367 -0.11295 0.0273825
1.02531 0.0177887 0.0284285
1.04236 0.0492724 0.0282273
1.01483 0.0340899 0.0275307
0.984068 0.0579378 0.0307647
0.993117 0.098676 0.09116
1.03845 0.166422 0.030182
1.02994 0.158557 0.0367385
1.04554 0.195653 0.0271764
1.00862 0.201205 0.0268775
0.930952 0.251257 0.0341333
1.00186 0.258367 0.0255377
1.05869 0.378859 0.0341383
0.982985 0.376086 0.0310363
1.05778 0.402503 0.0266782
1.11778 0.450431 0.0375887
1.03674 0.463988 0.0304344
1.02803 0.465206 0.0287987
1.0053 0.529437 0.0289804
1.06974 0.599728 0.0312801
1.00872 0.563782 0.0282162
1.00607 0.601877 0.0339647
1.03664 0.672087 0.0278708
1.03477 0.647447 0.0266642
1.06567 0.673823 0.0339651
1.04034 0.716173 0.0322368
1.06271 0.729549 0.0295068
0.982424 0.73792 0.0329621
1.02433 0.87381 0.0307051
1.04337 0.862312 0.0291807
1.05276 0.894748 0.026385
0.983646 0.942454 0.028182
1.05618 0.93787 0.0320821
0.941494 0.984322 0.022934
1.05288 0.99444 0.0283592
1.00751 1.01151 0.0288782
1.06471 1.02544 0.0298606
1.00955 0.972042 0.0265095
1.06161 0.967474 0.0291241
1.05467 0.975127 0.0305137
1.01508 1.05867 0.0296113
1.02014 1.0141 0.0312659
1.03263 0.991001 0.0263911
1.01189 1.00273 0.0299927
1.02534 0.998839 0.0297356
0.991097 1.02703 0.0286558
1.03408 0.998078 0.0294461
1.06712 1.02194 0.0330387
1.05081 1.02222 0.0353136
0.983262 1.00829 0.0295604
1.00075 0.997343 0.031396
1.02326 0.990021 0.0305744
0.988598 1.01487 0.0342093
1.02794 1.0295 0.0329472
1.08044 1.04353 0.0358048
1.02276 1.02525 0.0118785
0.993124 1.02669 0.0125505
1.06845 1.01868 0.0134047
1.0085 0.979125 0.0116491
1.05219 1.00999 0.0101604
1.01766 0.971418 0.0100057
1.02291 1.00889 0.00988125
1.04124 0.980883 0.0130159
0.986082 1.02531 0.017621
1.04817 0.995966 0.0154319
1.02077 1.03293 0.0127573
1.04234 1.0218 0.0100142
1.00628 0.987076 0.010693
1.03203 1.00317 0.0127536
0.98466 1.00182 0.0137789
1.06846 1.05804 0.0134767
1.02032 1.01143 0.0143196
0.995176 1.01081 0.0151245
1.00393 1.0236 0.0124363
1.05373 1.00233 0.00993246
1.02856 1.02417 0.00931663
0.994486 1.01346 0.0100791
1.06264 1.00358 0.00936396
1.00889 1.03014 0.00924237
1.01509 1.05391 0.0093845
1.04488 0.990594 0.00903117
1.05951 1.00485 0.0119354
1.03525 0.989652 0.014226
1.00251 1.0351 0.015472
1.0574 1.02972 0.0165763
1.01487 0.982211 0.0152245
0.979902 1.02346 0.0130036
1.01725 1.03625 0.0144122
1.02632 1.00652 0.0153996
1.00866 1.04913 0.0150121
1.01048 0.997035 0.0109545
1.0465 1.00078 0.0102632
1.02511 0.97458 0.0125784
0.9653 1.01499 0.0153238
0.96438 1.0016 0.0159375
1.04236 1.00585 0.0154815
1.05867 1.05446 0.0103425
0.961105 0.998712 0.0125405
1.02526 1.02376 0.0162481
1.04848 1.02792 0.0139388
1.03443 1.01335 0.0104282
1.00123 1.0258 0.00905288
1.01038 0.967211 0.0116238
1.00315 0.955057 0.0109132
0.99415 1.01678 0.0117076
0.995791 1.01326 0.0142935
1.02931 0.972134 0.0130503
1.02061 0.984765 0.00980658
1.05397 1.00748 0.00968225
0.98167 1.00253 0.0098835
0.973558 1.03089 0.00938975
1.01777 0.971759 0.0106728
1.04735 1.04261 0.0113504
1.03285 0.983014 0.0118531
1.03117 1.05094 0.0155047
0.983001 1.0361 0.0125192
0.997536 1.01756 0.010903
1.00235 1.02871 0.0105603
1.00404 1.01203 0.0106039
1.06475 1.01817 0.00942975
1.01538 1.04072 0.0109298
1.02712 0.963753 0.0102707
1.01995 1.00561 0.0136227
1.05238 1.01263 0.0152353
1.0136 1.02718 0.0115383
0.973834 0.989062 0.00983517
1.05287 1.02793 0.0115213
1.0373 1.02697 0.0110413
1.00492 1.03104 0.0118745
0.99653 0.976567 0.0139303
1.03415 0.96849 0.0163725
0.998865 1.04327 0.0138677
0.996925 0.978956 0.0101435
1.03214 1.03054 0.00997675
1.01459 1.02349 0.00977375
1.02003 1.01149 0.0103532
1.01416 1.00802 0.0104224
1.0322 1.0013 0.0114805
1.06356 1.05222 0.009424
1.04968 0.989585 0.00938604
1.04958 0.971747 0.011397
1.03701 1.00156 0.0136317
1.04702 1.01413 0.013003
1.02267 0.999744 0.0151743
1.03234 0.995477 0.0151313
1.04042 1.02039 0.0109788
1.05894 1.00198 0.0107765
1.06018 1.03477 0.012984
1.07018 1.04098 0.0131234
1.01219 0.989586 0.011558
0.987684 0.982899 0.0120553
0.995047 1.03374 0.0141011
1.06249 1.0486 0.0147762
1.02771 1.01099 0.016631
1.01135 0.993506 0.0174935
1.02341 1.009 0.011866
1.02538 1.04342 0.01153
1.01592 1.03809 0.0146048
1.01592 1.03809 0.0169093
1.01592 1.03809 0.018217
1.01592 1.03809 0.0177808
1.01592 1.03809 0.0154531
1.01592 1.03809 0.0130613
1.01592 1.03809 0.0104208
1.01592 1.03809 0.00961063
1.01592 1.03809 0.009563
1.01592 1.03809 0.00959133
1.0525 0.984238 0.0110849
1.01592 1.03809 0.0103349
1.01592 1.03809 0.0118022
1.01592 1.03809 0.0149443
1.01592 1.03809 0.0144922
1.01592 1.03809 0.0148093
1.01592 1.03809 0.010579
