0.838213 0.894506 0.00645362
1.47187 -0.143263 0.00768817
1.69619 -0.21411 0.00894787
1.69424 -0.311228 0.0100749
1.69616 -0.280855 0.0108377
1.64744 -0.193349 0.0100145
1.66592 -0.0415077 0.00946104
1.71489 0.121204 0.0100962
1.76608 0.258986 0.00948567
2.26694 0.420231 0.00960675
2.09429 0.604022 0.0118725
2.35225 0.749431 0.00694408
2.1172 0.967643 0.00637262
2.18994 1.11632 0.00642396
2.22612 1.27255 0.00638575
2.20693 1.31962 0.00741325
2.16534 1.36967 0.00915837
2.32132 1.57099 0.0102032
2.26444 1.56514 0.0105669
2.39952 1.55376 0.0106126
2.35031 1.52557 0.012197
2.33586 1.50807 0.0124978
2.2706 1.53218 0.0117507
2.2949 1.50287 0.0122814
2.42541 1.53073 0.0121995
2.33577 1.50593 0.00740921
2.30595 1.56686 0.00899667
2.34818 1.6439 0.00928442
2.39901 1.62193 0.0105807
2.27644 1.48878 0.00989225
2.32691 1.5741 0.00904942
2.30204 1.61392 0.00938646
2.27818 1.601 0.010828
2.37261 1.54884 0.0119488
2.34637 1.52244 0.0114002
2.28411 1.47783 0.0100169
2.26443 1.52031 0.00957838
2.32115 1.42499 0.0102367
2.26602 1.52887 0.0137435
2.38853 1.47699 0.0118015
2.30637 1.5068 0.0127513
2.26185 1.59211 0.0123246
2.374 1.49809 0.0124808
2.38758 1.5865 0.0124812
2.40774 1.51612 0.0116932
2.39595 1.60329 0.0118043
2.26569 1.56724 0.012058
2.37185 1.50254 0.0111007
2.34154 1.51907 0.0108003
2.24541 1.58602 0.00907462
2.45016 1.60443 0.0109718
2.35347 1.54953 0.00950375
2.32664 1.63309 0.0101558
2.29875 1.58223 0.00846321
2.42859 1.68722 0.0118334
2.29513 1.67019 0.0129563
2.32233 1.70933 0.0112361
2.36749 1.79569 0.0116391
2.23179 1.70707 0.0117569
2.30141 1.83579 0.00666804
2.31641 1.87732 0.00699617
2.29357 1.91054 0.00677725
2.3097 1.94432 0.00653042
2.25367 1.85473 0.00778908
2.37708 1.95279 0.00967096
2.33306 1.94591 0.0100889
2.46135 1.94695 0.00994946
2.40112 2.05906 0.011214
2.41642 2.10611 0.0115417
2.40682 2.08239 0.0122745
2.38192 2.17418 0.0116241
2.43112 2.03619 0.0110319
2.45516 2.19217 0.0122362
2.40465 2.22116 0.00998533
2.32304 2.23775 0.0113794
2.34708 2.30682 0.0120158
2.49924 2.24917 0.0115606
2.2706 2.42764 0.0117697
2.43842 2.4121 0.0120222
2.39087 2.34232 0.0140751
2.34963 2.44199 0.0100545
2.45015 2.47308 0.0114582
2.47579 2.4868 0.0119181
2.38436 2.46902 0.0133316
2.419 2.46665 0.0134287
2.45508 2.46337 0.013551
2.38134 2.56374 0.00649279
2.45697 2.54722 0.00673183
2.27206 2.75433 0.00534204
2.38575 2.68274 0.00621292
2.38419 2.65534 0.00869558
2.37426 2.76733 0.00986283
2.48432 2.73881 0.0115549
2.40304 2.8358 0.0132977
2.493 2.91782 0.0100234
2.50592 2.99583 0.0094985
2.52193 2.90691 0.010426
2.58121 2.9603 0.009124
2.48465 2.93017 0.0117826
2.49159 3.00504 0.0105202
2.50798 3.06078 0.015311
2.47443 3.14292 0.0138162
2.53193 3.07869 0.011555
2.5085 3.10097 0.0117227
2.46761 3.07668 0.0120331
2.56448 3.08529 0.0114815
2.52982 3.17063 0.0120905
2.53418 3.17262 0.00797258
2.44595 3.29316 0.00681175
2.44267 3.27682 0.00676117
2.60316 3.29079 0.0119398
2.46201 3.35901 0.00829888
2.46721 3.49894 0.0153338
2.49644 3.4524 0.0149668
2.53215 3.54517 0.013461
2.57592 3.53728 0.00924092
2.55256 3.458 0.0105852
2.55753 3.43138 0.00773871
2.57107 3.5049 0.00660963
2.60133 3.63983 0.00629971
2.58944 3.5377 0.00656042
2.55637 3.56734 0.00792579
2.61813 3.70037 0.0102261
2.56341 3.76362 0.012545
2.61181 3.70223 0.0105836
2.64957 3.7603 0.011921
2.60766 3.73267 0.0124376
2.62449 3.85003 0.009569
2.61785 3.7817 0.0132825
2.62993 3.81209 0.0123856
2.51025 3.88722 0.0136455
2.6209 3.88334 0.0130128
2.62987 3.95029 0.0140655
2.50109 4.08719 0.0143846
2.6018 4.0407 0.0150442
2.6739 4.01777 0.0143289
2.66403 4.1324 0.0116928
2.64763 4.13851 0.0115363
2.6492 4.17951 0.0109919
2.74757 4.18382 0.0123298
2.5718 4.16555 0.0125198
2.67703 4.21849 0.011384
2.70893 4.25491 0.0114976
2.73395 4.31582 0.0112483
2.60048 4.25743 0.0101338
2.61488 4.29274 0.0120328
2.75212 4.40862 0.00963771
2.69351 4.46992 0.00964121
2.66624 4.44387 0.0141057
2.68027 4.40435 0.0129153
2.62224 4.41778 0.0136653
2.6545 4.48472 0.0123687
2.71028 4.5482 0.0128863
2.69256 4.53795 0.0117048
2.62807 4.54922 0.011842
2.63469 4.71154 0.0122283
2.71811 4.76429 0.0117301
2.63048 4.71847 0.0105891
2.69963 4.87814 0.00979758
2.62338 4.72756 0.00949142
2.72907 4.78544 0.00940467
2.78912 4.88119 0.0105184
2.63058 4.90536 0.0107856
2.69466 4.8933 0.0115708
2.75181 4.91763 0.0132415
2.65874 4.96729 0.0133287
2.70714 5.00934 0.0137037
2.70078 5.05653 0.0136716
2.66046 5.1124 0.0128134
2.69298 5.11851 0.0115345
2.67346 5.17661 0.010655
2.64922 5.10149 0.0114508
2.7137 5.20433 0.0121662
2.7552 5.29507 0.0115176
2.79584 5.20853 0.0105319
2.72542 5.29452 0.010028
2.74388 5.30282 0.0113608
2.77006 5.35701 0.0116851
2.74561 5.46284 0.011331
2.76228 5.38496 0.0100585
2.80703 5.3224 0.0109123
2.7816 5.37195 0.0109425
2.76324 5.58305 0.0106376
2.76868 5.50533 0.0116605
2.85955 5.47517 0.0109931
2.86319 5.42869 0.011261
2.93892 5.48617 0.0111691
2.83732 5.53285 0.0110398
2.87748 5.64093 0.0120795
2.9206 5.55808 0.0105419
2.94187 5.58483 0.0101662
2.94643 5.70148 0.0111842
2.95538 5.63607 0.0088975
2.89334 5.78986 0.009818
2.89343 5.69701 0.00937929
2.90806 5.79356 0.0120887
2.97597 5.87867 0.0117682
2.94127 5.81214 0.011816
2.84425 5.89597 0.0131633
2.81492 5.88866 0.0117034
3.0078 5.93358 0.00916817
2.83113 5.92901 0.00988308
2.90906 6.03613 0.0117645
2.99337 6.03621 0.0108119
2.92969 6.04387 0.00986313
2.95928 6.03663 0.0109966
2.99468 6.19506 0.0113288
2.9051 6.16911 0.0115002
2.89438 6.16069 0.0112325
2.95694 6.18532 0.0118522
2.92153 6.25391 0.0119603
2.91635 6.23294 0.0108867
2.88921 6.32856 0.0118449
2.97895 6.36553 0.0117335
2.90274 6.41197 0.0109515
3.00738 6.386 0.0109979
3.03007 6.49266 0.0112927
3.01437 6.50574 0.0105753
2.93957 6.48625 0.0106322
3.06852 6.47236 0.0117347
3.05389 6.47605 0.011205
3.11401 6.53922 0.0118178
3.03827 6.49242 0.0100075
3.02731 6.57096 0.0103614
3.02321 6.61406 0.0119363
3.01295 6.67737 0.0123977
3.1156 6.74708 0.0125933
2.9411 6.69554 0.014847
2.96906 6.7765 0.0126469
3.04128 6.7308 0.0119566
3.00723 6.81708 0.0119317
3.06364 6.84524 0.0119597
2.93503 6.88546 0.012101
2.9887 6.91982 0.0106586
3.05234 6.98728 0.0118358
3.05383 7.0202 0.0106122
3.05431 7.02355 0.0115511
3.08914 7.02908 0.0119567
3.05415 7.09852 0.0117152
3.07101 7.19852 0.0140502
3.07909 7.11743 0.011152
3.07134 7.15059 0.012582
3.06465 7.15036 0.0144655
3.09906 7.2132 0.0110129
3.10418 7.2027 0.0107688
3.11024 7.33453 0.0124312
3.17623 7.38279 0.014251
3.15471 7.32438 0.0107711
3.16886 7.4162 0.0122895
3.17542 7.43561 0.0110492
3.13944 7.48815 0.0143663
3.13468 7.56257 0.0114881
3.13673 7.61547 0.012139
3.20233 7.49749 0.0113366
3.18004 7.57389 0.0126759
3.17387 7.20993 0.0134501
3.1487 7.67313 0.0108211
3.12144 7.68593 0.0118301
3.15251 7.61937 0.012283
3.26101 7.71908 0.0132613
3.17806 7.76443 0.0125899
3.1831 7.78086 0.0119438
3.22918 7.85163 0.00986233
3.17794 7.82323 0.0107066
3.18552 7.7828 0.00928883
3.303 7.84049 0.0105038
3.2061 7.85283 0.0113535
3.24314 7.95255 0.0107043
3.24133 7.98573 0.0110196
3.23327 7.99447 0.0103869
3.16928 8.05191 0.0112121
3.17002 8.06279 0.012415
3.2223 8.08486 0.0127452
3.22193 8.09687 0.0119755
3.28397 8.18681 0.0141762
3.27873 8.15128 0.0126345
3.28339 8.32451 0.0137738
3.28405 8.19405 0.0133078
3.26592 8.25149 0.0120536
3.31398 8.31653 0.0121208
3.27949 8.32789 0.0118275
3.30517 8.40116 0.0119538
3.39851 8.41106 0.0108349
3.26588 8.42971 0.0121721
3.40275 8.40886 0.0106335
3.38861 8.48151 0.00964338
3.30683 8.52032 0.00988404
3.38221 8.51327 0.0117484
3.40262 8.59567 0.0116258
3.36226 8.52546 0.011099
3.44614 8.6343 0.010343
3.39583 8.67853 0.0127571
3.41039 8.74961 0.0114652
3.44442 8.67116 0.0118623
3.44771 8.67154 0.00988713
3.30678 8.80538 0.0107427
3.39765 8.78792 0.0111271
3.34177 8.80378 0.0105319
3.38619 8.88861 0.0108048
3.42978 8.97137 0.0110008
3.41986 8.90142 0.0119616
3.45892 8.91263 0.01325
3.35221 8.95915 0.0125735
3.38165 9.08796 0.0105491
3.42675 9.02002 0.0117303
3.49302 9.19182 0.0130689
3.45163 9.06975 0.0119346
3.45895 9.18635 0.00935454
3.53021 9.1995 0.0115985
3.46619 9.14771 0.0132486
3.54777 9.15499 0.013766
3.45751 9.2752 0.0121103
3.55981 9.25798 0.0109622
3.47529 9.29358 0.0101972
3.4795 9.25208 0.0116712
3.57233 9.23698 0.0109316
3.41419 9.25963 0.0120771
3.45222 9.24254 0.0115312
3.58095 9.26987 0.0119946
3.47583 9.26603 0.0129583
3.53732 9.35436 0.0114913
3.5405 9.33017 0.0117185
3.5266 9.2413 0.0122875
3.54071 9.30145 0.0118318
3.40604 9.26866 0.0127895
3.52857 9.2511 0.0129634
3.50459 9.30871 0.007304
3.45473 9.26176 0.0145221
3.458 9.29321 0.0108018
3.4818 9.28874 0.0103113
3.47204 9.31231 0.0116719
3.46724 9.28516 0.0109311
3.45296 9.27607 0.0113123
3.50347 9.235 0.0119925
3.46634 9.28787 0.0112624
3.41226 9.29106 0.0114112
3.51521 9.24257 0.0116665
3.54016 9.32838 0.0121557
3.52024 9.29116 0.0128601
3.48315 9.32476 0.0137247
3.55197 9.29963 0.0136539
3.51142 9.32909 0.0138986
3.47253 9.33097 0.010081
3.43412 9.32123 0.0111235
3.52144 9.30367 0.00989837
3.53405 9.32808 0.012027
3.45567 9.3803 0.013353
3.46198 9.40233 0.0119462
3.53283 9.37902 0.011659
3.53522 9.52681 0.00774775
3.47856 9.44656 0.0102784
3.52454 9.44822 0.0100147
3.5818 9.46661 0.0124011
3.48023 9.49342 0.0131536
3.56542 9.56501 0.00974654
3.48757 9.53796 0.01389
3.52353 9.551 0.0135902
3.57454 9.55898 0.0110556
3.51882 9.5882 0.0106112
3.51655 9.6296 0.0116115
3.58038 9.62802 0.0101216
3.63604 9.66969 0.0122698
3.51484 9.69189 0.0119542
3.51105 9.71912 0.0121481
3.59794 9.64708 0.010511
3.52477 9.76589 0.00991267
3.60918 9.73736 0.0109233
3.63324 9.78647 0.0132972
3.57306 9.82775 0.0113958
3.5862 9.79326 0.013719
3.60147 9.74981 0.010207
3.5602 9.87407 0.00894238
3.54969 9.76116 0.0100135
3.52735 9.8294 0.011118
3.59767 9.87622 0.0107292
3.53895 9.84012 0.0107994
3.58493 9.78752 0.0109538
3.55667 9.75804 0.0108249
3.57297 9.85172 0.0114631
3.57319 9.89643 0.0110261
3.53258 9.84661 0.0111245
3.57273 9.88985 0.00987008
3.62966 9.97028 0.0113784
3.6346 9.9461 0.0120726
3.67451 10.0627 0.012781
3.62597 9.97678 0.014523
3.51922 10.0755 0.0126342
3.68804 10.0235 0.0115736
3.62056 10.063 0.0129933
3.66798 10.1786 0.0136286
3.63748 10.2268 0.0120027
3.59369 10.1717 0.0110823
3.68899 10.1405 0.00994671
3.53798 10.3784 0.0101411
3.6891 10.335 0.00991829
3.56025 10.2852 0.0109766
3.65282 10.364 0.010549
3.57843 10.4114 0.0117907
3.61925 10.3571 0.0135794
3.6307 10.5423 0.0120918
3.54369 10.5215 0.0131851
3.63566 10.5148 0.010736
3.63085 10.4942 0.0137883
3.62944 10.5302 0.0150633
3.61611 10.6413 0.0141974
3.42622 10.2949 0.0130417
3.58879 10.5927 0.0129777
3.55761 10.6014 0.0125775
3.50259 10.6585 0.0110783
3.68811 10.7151 0.0128725
3.50996 10.4894 0.0130162
3.60544 10.6865 0.0128843
3.6453 10.7568 0.0130038
3.36378 10.5929 0.0107182
3.40647 10.561 0.0132849
3.56111 10.7568 0.0111337
3.22093 10.5155 0.0127597
3.46924 10.5341 0.0134123
3.19861 10.587 0.0140234
3.27691 10.7656 0.0141837
3.31479 10.8746 0.0142733
3.3753 10.9347 0.0139731
3.40401 10.9903 0.0108434
3.22341 10.8294 0.0129374
3.20697 10.7459 0.0136944
3.35347 10.9903 0.0128223
3.28063 10.7454 0.0127775
3.20174 10.8185 0.0132203
3.48669 10.9789 0.0130276
3.1649 10.8761 0.0133879
3.21861 10.8391 0.012137
3.22251 10.8704 0.0115397
3.25005 11.1413 0.0140114
3.1391 10.9687 0.016873
3.12663 11.0041 0.0118744
3.15871 11.1541 0.0123449
3.28225 11.1684 0.0148698
3.06471 11.1084 0.0126833
3.06209 11.0442 0.0129045
3.02937 11.1503 0.0128698
3.18818 11.4027 0.0141035
2.94691 11.2084 0.0130676
3.05394 11.2072 0.0117094
3.07054 11.358 0.0118042
3.02706 11.53 0.0115898
3.01639 11.499 0.0121767
2.99551 11.6366 0.0113322
2.86034 11.1449 0.0127189
3.12798 11.712 0.011345
2.82972 11.3467 0.0103513
2.75309 11.3734 0.0141995
2.81419 11.4216 0.0148674
2.81538 11.3689 0.0169457
2.68313 11.4015 0.0170486
2.60874 11.358 0.0160057
2.72166 11.4071 0.0144448
2.6039 11.4591 0.0141477
2.55528 11.5148 0.0153691
2.54775 11.4578 0.0128662
2.61964 11.4813 0.0116092
2.65529 11.6867 0.0118319
2.58848 11.655 0.0135525
2.65087 11.9236 0.0113456
2.68712 12.0347 0.0122519
2.68916 12.0608 0.0124952
2.64765 12.1682 0.0132038
2.67 12.29 0.0108492
2.54433 12.3431 0.0117432
2.56044 12.2043 0.0115909
2.54035 12.2862 0.0111874
2.45775 12.3096 0.010844
2.42355 12.3129 0.0111539
2.44195 12.247 0.0126175
2.44209 12.2743 0.0110196
2.44929 12.3108 0.00986792
2.34881 12.3273 0.0103915
2.32559 12.4367 0.0118735
2.26204 12.3859 0.00859025
2.17957 12.3922 0.00985254
2.25042 12.4049 0.00729896
2.21999 12.4454 0.0105134
2.15227 12.383 0.0112073
2.14399 12.3987 0.00894442
2.02712 12.3608 0.0127144
2.13801 12.4202 0.012456
2.0233 12.4764 0.00896279
2.03063 12.5087 0.00681458
2.03599 12.4329 0.0126033
1.97179 12.4332 0.00655467
1.87787 12.3869 0.0127772
1.92275 12.4098 0.0129662
1.85709 12.4919 0.0125362
1.76459 12.4466 0.0100925
1.80741 12.4429 0.0124648
1.69814 12.5206 0.013405
1.67361 12.4173 0.00971208
1.65778 12.4286 0.0113636
1.56961 12.4877 0.0128863
1.62789 12.4461 0.0117647
1.62572 12.5521 0.00991704
1.51781 12.5421 0.0111461
1.48837 12.454 0.0120534
1.41642 12.4795 0.00971775
1.44475 12.5635 0.00937233
1.41509 12.6277 0.00990813
1.42352 12.5689 0.0102727
1.41872 12.4398 0.0112403
1.39122 12.5813 0.0142544
1.2471 12.5284 0.0110249
1.22016 12.6372 0.0116643
1.1719 12.5208 0.0112626
1.23836 12.584 0.0112898
1.26708 12.5657 0.0118245
1.23886 12.5878 0.0121533
1.12094 12.641 0.0124168
1.16163 12.5992 0.0145339
1.03647 12.5948 0.0137576
1.04796 12.6105 0.0106523
0.946257 12.6352 0.0107718
1.01604 12.5977 0.00984867
1.00153 12.5671 0.010397
0.808245 12.5754 0.0109797
0.899779 12.5748 0.0103724
0.793887 12.6244 0.0124971
0.834775 12.6253 0.0119978
0.771521 12.5317 0.0121027
0.762715 12.5088 0.0105745
0.698805 12.6132 0.0132529
0.616723 12.4174 0.00958467
0.623246 12.4973 0.0114749
0.674419 12.547 0.0126796
0.593787 12.4711 0.0128352
0.624724 12.507 0.012427
0.52227 12.4463 0.0124657
0.565117 12.4781 0.0110135
0.456205 12.4616 0.0102867
0.486504 12.4481 0.0112838
0.452636 12.5344 0.0115477
0.449594 12.5109 0.0104476
0.303938 12.5537 0.010109
0.159745 12.5347 0.00854233
0.193586 12.4539 0.0103126
0.210352 12.4982 0.0114698
0.237667 12.5725 0.0104055
0.12411 12.4522 0.0115128
0.0796591 12.409 0.0121701
0.0650677 12.4915 0.0113714
-0.0273917 12.4436 0.0102982
0.046015 12.438 0.0119384
0.034956 12.4234 0.00958713
0.0252488 12.5056 0.0117265
-0.123267 12.4578 0.0124271
-0.156906 12.4927 0.0131235
-0.0974592 12.4557 0.0122004
-0.218893 12.4807 0.0113305
-0.216297 12.4541 0.0120193
-0.304864 12.444 0.00954742
-0.230462 12.4344 0.00912637
-0.386956 12.4081 0.011152
-0.360916 12.42 0.00983325
-0.324809 12.4153 0.0144514
-0.44275 12.2722 0.0139233
-0.406759 12.1842 0.0126882
-0.597068 12.0258 0.0121279
-0.644959 11.8876 0.012305
-0.597041 11.8889 0.012135
-0.522526 12.2265 0.00876483
-0.570784 11.8706 0.013466
-0.600586 11.8605 0.0120219
-0.680445 11.8294 0.01244
-0.499685 12.1138 0.01412
-0.650011 11.9377 0.0131035
-0.803965 11.8894 0.0208158
-0.698048 11.8694 0.0134605
-0.681805 12.146 0.0144016
-0.719848 12.1359 0.015219
-1.08715 11.9933 0.0128728
-0.746327 12.0748 0.0129488
-0.793865 12.082 0.0149904
-0.964625 11.918 0.0156578
-1.03589 11.7978 0.0127103
-0.98809 11.7361 0.0127414
-1.05085 11.7565 0.0144636
-0.831472 11.9585 0.0102577
-0.996458 11.7184 0.012461
-0.986702 11.9764 0.0135415
-1.04809 11.9997 0.0120506
-0.994786 11.82 0.01183
-1.03582 11.896 0.0137438
-1.0358 11.9104 0.0136484
-1.00669 11.8669 0.0136975
-1.10964 11.5858 0.0152232
-1.06728 11.5294 0.01456
-1.1312 11.7131 0.0155387
-1.22752 11.4929 0.0150108
-1.24625 11.7438 0.0165803
-1.24508 11.3889 0.0155861
-1.13851 11.7541 0.0116894
-1.34347 11.4046 0.0126631
-1.27609 11.3651 0.0120269
-1.22676 11.6791 0.0119285
-1.44167 11.638 0.0121312
-1.35083 11.3234 0.0125349
-1.39411 11.1976 0.00816346
-1.469 11.2968 0.0102669
-1.50157 11.1656 0.0120584
-1.4183 11.4945 0.0130008
-1.43219 11.1942 0.0124088
-1.39046 11.152 0.0130084
-1.32312 11.3461 0.0140158
-1.5531 11.0648 0.0144679
-1.52511 11.3442 0.0120556
-1.45307 11.307 0.0122808
-1.46942 11.1991 0.0126645
-1.56326 10.9718 0.0120514
-1.46982 11.1228 0.0118844
-1.48002 10.9842 0.0120271
-1.4743 11.0842 0.0119211
-1.49801 11.0714 0.0124171
-1.43063 11.015 0.0106087
-1.46413 10.9877 0.0117787
-1.47795 10.9721 0.012982
-1.45138 10.8797 0.0137075
-1.4455 10.9028 0.0122867
-1.3975 10.9614 0.0127927
-1.4749 10.9009 0.0112667
-1.51 10.8173 0.0113177
-1.48481 10.7666 0.0115333
-1.44962 10.7644 0.0113389
-1.48631 10.6898 0.0114571
-1.48071 10.7621 0.011131
-1.54352 10.727 0.0121517
-1.39355 10.7048 0.0121979
-1.48147 10.6137 0.0134129
-1.34706 10.546 0.0111135
-1.44019 10.4925 0.0119081
-1.39717 10.5543 0.0124364
-1.44881 10.517 0.0119459
-1.28089 10.4404 0.0124498
-1.2674 10.5023 0.0129861
-1.32093 10.3708 0.013267
-1.37671 10.3462 0.0117497
-1.2208 10.2574 0.0129765
-1.31371 10.3345 0.0122907
-1.26684 10.3064 0.0123902
-1.21934 10.2314 0.0119007
-1.21853 10.1841 0.0121807
-1.23288 10.1519 0.00960208
-1.18075 10.1432 0.00968958
-1.14563 10.0624 0.0107955
-1.2085 10.127 0.0110343
-1.22403 10.0697 0.0113547
-1.20528 10.045 0.0108531
-1.07286 9.98436 0.00974942
-1.10829 10.0334 0.0108482
-1.10849 9.87847 0.0115743
-1.18985 9.92074 0.00958542
-1.1618 9.90455 0.0128711
-1.21685 9.82048 0.0139142
-1.13089 9.71551 0.012353
-1.21426 9.74395 0.0121387
-1.1637 9.786 0.0118321
-1.09652 9.78279 0.0114292
-1.11537 9.66007 0.0119918
-1.04902 9.6729 0.0127126
-1.06737 9.64735 0.0119075
-1.02035 9.75493 0.012622
-1.15121 9.53849 0.0137255
-1.15203 9.53516 0.0103603
-0.993366 9.53573 0.0110936
-1.02848 9.44348 0.0102582
-0.952481 9.45706 0.0123645
-0.982544 9.39189 0.0124835
-0.993294 9.36078 0.0131023
-1.07654 9.38788 0.0128665
-0.945112 9.37625 0.0136515
-1.00881 9.32688 0.0132456
-1.07059 9.34695 0.0119361
-0.933311 9.32079 0.0126262
-0.999911 9.08092 0.0121247
-0.938922 9.07663 0.0100305
-0.982271 9.12602 0.011982
-0.947829 9.12468 0.0118599
-0.884953 9.0358 0.0111549
-0.972993 9.04631 0.0101324
-0.890251 8.98735 0.00984904
-0.909404 9.07664 0.0113228
-0.877937 8.98806 0.0135571
-0.958336 8.9778 0.0133405
-0.915952 8.91963 0.0104323
-0.959465 8.90742 0.01164
-0.966356 8.86079 0.0112894
-0.913344 8.90207 0.0117827
-0.93844 8.78344 0.0123812
-0.852821 8.80942 0.013633
-0.80114 8.69741 0.0120421
-0.859706 8.64077 0.0128413
-0.881589 8.7325 0.0124475
-0.911234 8.63609 0.0114968
-0.90925 8.59264 0.0103604
-0.823702 8.67056 0.0084915
-0.837691 8.60491 0.0106129
-0.830571 8.45797 0.0140071
-0.832392 8.52217 0.0130382
-0.762259 8.4232 0.011158
-0.791499 8.49946 0.0112024
-0.800092 8.33878 0.00903354
-0.745135 8.34527 0.00772712
-0.700434 8.4199 0.00696579
-0.706997 8.36283 0.0136333
-0.779414 8.23513 0.00801167
-0.752565 8.22281 0.013629
-0.730863 8.23141 0.0139498
-0.802806 8.14002 0.0116208
-0.776834 8.10772 0.0109431
-0.756474 8.20432 0.0147891
-0.697629 8.15932 0.0134132
-0.763536 8.16502 0.0135382
-0.849647 8.0289 0.0130264
-0.684455 8.01038 0.0128227
-0.868776 7.99102 0.0127322
-0.848057 7.97168 0.0128362
-0.736979 7.85327 0.0128632
-0.705314 7.81722 0.0125213
-0.719978 7.78706 0.0129722
-0.726927 7.89182 0.0119691
-0.719573 7.79442 0.0106565
-0.657839 7.81017 0.0120459
-0.644461 7.76371 0.0113802
-0.652737 7.63623 0.0109373
-0.663807 7.74027 0.0103933
-0.666836 7.67662 0.0123497
-0.743197 7.61486 0.00925179
-0.647651 7.55592 0.0111105
-0.618489 7.53234 0.0116619
-0.63055 7.58515 0.0117236
-0.611684 7.48769 0.0122796
-0.624231 7.53122 0.0139838
-0.581166 7.486 0.0125717
-0.591434 7.40241 0.0123736
-0.628004 7.45317 0.0124954
-0.604478 7.42432 0.0124003
-0.663008 7.38382 0.0122701
-0.693719 7.25466 0.0108105
-0.514584 7.24452 0.0114408
-0.5415 7.32644 0.0110106
-0.542952 7.24466 0.0106843
-0.659701 7.2096 0.0116269
-0.697079 7.16034 0.011876
-0.54858 7.16544 0.0120888
-0.564853 7.05492 0.0117865
-0.544599 6.98589 0.0130521
-0.474907 7.02404 0.0125765
-0.468493 6.98337 0.00986275
-0.58341 6.94727 0.0100167
-0.549976 6.95302 0.0116644
-0.523786 6.88334 0.012116
-0.569805 6.81584 0.0104932
-0.5281 6.92087 0.0123055
-0.592415 6.80746 0.0120154
-0.511179 6.73003 0.0125738
-0.538405 6.74769 0.0117379
-0.525484 6.68964 0.0134542
-0.591169 6.71899 0.0111412
-0.582327 6.64734 0.0122575
-0.464272 6.61881 0.0105264
-0.474163 6.63756 0.0101556
-0.511735 6.67128 0.0151707
-0.492575 6.53355 0.00769771
-0.385376 6.57589 0.00714608
-0.46242 6.4998 0.00713563
-0.475705 6.47941 0.0092295
-0.539172 6.48472 0.0118431
-0.588885 6.48118 0.0116265
-0.582059 6.29841 0.00977421
-0.552566 6.41673 0.0103601
-0.548196 6.33419 0.0112132
-0.428218 6.29258 0.0104768
-0.548673 6.24476 0.012342
-0.466915 6.19653 0.0107175
-0.587156 6.26604 0.012038
-0.603756 6.133 0.0136016
-0.55418 6.07557 0.0114983
-0.5036 6.15572 0.0122208
-0.574594 6.19289 0.0144346
-0.577973 6.06476 0.0141832
-0.458454 6.06723 0.0102696
-0.532712 5.96249 0.0116956
-0.533998 6.01873 0.0113188
-0.456887 5.92896 0.011382
-0.509391 5.94393 0.0123428
-0.603497 5.94163 0.0126787
-0.584641 5.91503 0.0122893
-0.552049 5.86855 0.00908733
-0.535973 5.73496 0.0130369
-0.527256 5.77103 0.0123139
-0.553326 5.724 0.0108719
-0.528624 5.71778 0.0118235
-0.554735 5.70218 0.0130722
-0.590768 5.69775 0.0147443
-0.582046 5.7285 0.0143625
-0.544871 5.64396 0.0128363
-0.484581 5.55757 0.0126318
-0.442794 5.58769 0.0123159
-0.497218 5.44484 0.0111284
-0.52383 5.44228 0.0123912
-0.559813 5.45431 0.0117021
-0.410657 5.44891 0.0106647
-0.555278 5.41883 0.00748417
-0.556156 5.31306 0.00978533
-0.464307 5.26814 0.0106855
-0.573892 5.17731 0.0119035
-0.597094 5.29713 0.0144335
-0.505975 5.30274 0.0133629
-0.497114 5.2435 0.0140659
-0.581297 5.27728 0.0112113
-0.496925 5.21027 0.0114603
-0.496394 5.18775 0.00927554
-0.631352 5.14108 0.0107227
-0.479066 5.15075 0.0110968
-0.596539 5.12741 0.011801
-0.554328 4.9539 0.0132005
-0.532686 5.02671 0.0119072
-0.461036 5.03674 0.011517
-0.578015 4.91058 0.0111342
-0.458114 5.00072 0.0108195
-0.458159 4.87054 0.00923758
-0.492125 4.80733 0.0110073
-0.563213 4.91924 0.0114374
-0.556218 4.82574 0.00999183
-0.549506 4.7863 0.0102667
-0.616158 4.8099 0.0129705
-0.555406 4.6513 0.0138498
-0.610698 4.68209 0.0112046
-0.589092 4.62797 0.0113874
-0.570866 4.62334 0.0120289
-0.56216 4.65294 0.011054
-0.512755 4.55756 0.00980683
-0.585518 4.56333 0.00884942
-0.533281 4.4838 0.0104202
-0.554946 4.52456 0.012404
-0.566761 4.50873 0.01293
-0.53221 4.45651 0.0133494
-0.504615 4.31516 0.0133388
-0.490117 4.28626 0.0123766
-0.656974 4.34904 0.0135823
-0.525019 4.29584 0.0144154
-0.618386 4.29408 0.013938
-0.570971 4.24544 0.01449
-0.636707 4.13405 0.0134679
-0.616155 4.11143 0.0123485
-0.557342 4.12494 0.0103206
-0.647819 4.14024 0.0115089
-0.522507 4.07953 0.0105503
-0.605433 4.10484 0.0114412
-0.651696 3.89702 0.0123533
-0.579017 3.87405 0.012567
-0.603215 3.95281 0.0122708
-0.61554 3.90759 0.0121926
-0.681668 3.83493 0.0119831
-0.675932 3.84302 0.00943854
-0.645744 3.86775 0.0104344
-0.580038 3.80772 0.0136642
-0.593493 3.85201 0.0133706
-0.667133 3.74398 0.0118079
-0.677972 3.73673 0.0120149
-0.774194 3.5823 0.0106017
-0.643876 3.66323 0.0107891
-0.660475 3.70671 0.0111305
-0.603639 3.55274 0.011704
-0.662208 3.58032 0.0113656
-0.730397 3.54175 0.0114487
-0.692777 3.52417 0.0105959
-0.667808 3.492 0.00997329
-0.659101 3.50914 0.010382
-0.63968 3.43133 0.00905908
-0.675527 3.42891 0.0109228
-0.658387 3.40102 0.0119936
-0.627713 3.29251 0.0109685
-0.678266 3.27911 0.0133763
-0.696642 3.34951 0.014482
-0.731332 3.23813 0.00935558
-0.611908 3.17556 0.00949758
-0.675226 3.117 0.0106405
-0.647679 3.13444 0.0119764
-0.68579 3.0357 0.0112146
-0.741265 3.07638 0.010931
-0.691838 2.97732 0.0113855
-0.714094 2.99746 0.00968329
-0.726982 3.07275 0.0112984
-0.723458 2.91797 0.0116328
-0.688093 2.94131 0.0115919
-0.718657 2.88691 0.0116265
-0.664484 2.89582 0.0119213
-0.749362 2.83403 0.013355
-0.77012 2.81884 0.0114712
-0.76316 2.80306 0.011438
-0.726646 2.78138 0.010472
-0.731272 2.73359 0.0105422
-0.662457 2.71642 0.0115706
-0.801772 2.63 0.0110045
-0.688724 2.57009 0.00928192
-0.691833 2.60497 0.0102992
-0.678452 2.60127 0.0103932
-0.792009 2.56149 0.0117647
-0.779345 2.46461 0.0107522
-0.724492 2.49866 0.0105233
-0.796783 2.43971 0.0113475
-0.747565 2.44716 0.0104793
-0.703738 2.37257 0.0114789
-0.776286 2.37126 0.0110202
-0.730017 2.30138 0.0104843
-0.708752 2.3514 0.0117205
-0.763058 2.27351 0.0105065
-0.800269 2.3349 0.0117511
-0.761117 2.18599 0.0106369
-0.700929 2.14143 0.0112156
-0.681051 2.16692 0.0109015
-0.748631 2.04594 0.0106004
-0.768582 2.09224 0.0103797
-0.734617 2.1178 0.0097045
-0.793247 2.09484 0.0129967
-0.751019 2.01395 0.00889008
-0.77397 1.87367 0.0093035
-0.779426 1.91209 0.00948387
-0.72165 1.90038 0.0102745
-0.849839 1.86656 0.00909496
-0.762099 1.81347 0.0121873
-0.876615 1.75647 0.0131654
-0.735493 1.78162 0.013772
-0.832361 1.78072 0.0123003
-0.727071 1.73933 0.0120923
-0.786641 1.664 0.0101461
-0.780173 1.66642 0.0115612
-0.743364 1.61842 0.0125103
-0.911891 1.59784 0.0107779
-0.789486 1.59109 0.00890217
-0.79506 1.49109 0.011811
-0.783834 1.50494 0.0131518
-0.809237 1.4862 0.0117632
-0.879902 1.40002 0.0135282
-0.8186 1.43794 0.0130192
-0.802748 1.38808 0.0134639
-0.748295 1.36025 0.013168
-0.814509 1.32306 0.0117493
-0.837826 1.273 0.00961692
-0.810629 1.27105 0.00897112
-0.884899 1.2063 0.00879117
-0.871245 1.18125 0.00973154
-0.852436 1.19981 0.0103653
-0.823314 1.13372 0.0106215
-0.851168 1.09356 0.0118053
-0.899179 1.03522 0.012475
-0.761062 1.01921 0.0102924
-0.861842 1.01361 0.012008
-0.809301 0.984946 0.0137007
-0.952277 1.00648 0.011768
-0.759827 0.964955 0.0112161
-0.927442 0.952964 0.0124835
-0.883086 0.885945 0.0113159
-0.863636 0.904069 0.0106637
-0.917767 0.886622 0.0105675
-0.819893 0.836846 0.0101708
-0.805915 0.763758 0.0109001
-0.771777 0.812406 0.0105811
-0.893716 0.645733 0.0120719
-0.831516 0.683826 0.00863317
-0.837169 0.624509 0.00895358
-0.902099 0.686616 0.00992867
-0.77325 0.661158 0.00957017
-0.805623 0.534375 0.0129731
-0.912771 0.591229 0.00875096
-0.910809 0.47161 0.0101212
-0.90314 0.390817 0.011334
-0.898329 0.481724 0.0106449
-0.844821 0.385524 0.0107115
-0.841615 0.420095 0.0115459
-0.913688 0.4129 0.0104325
-0.836572 0.347115 0.00996133
-0.810144 0.274151 0.010563
-0.896282 0.365815 0.0115285
-0.878971 0.251761 0.0112935
-0.880331 0.268455 0.0100324
-0.942913 0.16531 0.00931938
-0.932639 0.105032 0.0102814
-0.93779 0.031233 0.0120505
-0.845417 0.118928 0.0128315
-0.939232 0.0568959 0.00947438
-0.982398 0.081586 0.0107646
-0.974328 0.0244497 0.0123874
-0.945914 -0.0330033 0.0112018
-0.955323 -0.0923508 0.0131568
-0.996108 -0.148155 0.0122542
-0.921559 -0.165243 0.013759
-1.03084 -0.226639 0.0118652
-0.946467 -0.271163 0.0108774
-0.971696 -0.224413 0.0104511
-0.877798 -0.234821 0.00958342
-0.989886 -0.314182 0.010738
-1.06629 -0.326901 0.0100518
-0.985011 -0.423033 0.0105761
-0.993427 -0.42477 0.0118048
-1.02888 -0.387434 0.0107743
-1.02331 -0.468134 0.0106472
-1.01767 -0.401117 0.0114353
-1.03781 -0.455731 0.0109436
-1.08148 -0.498136 0.0127007
-0.963691 -0.434064 0.0115194
-1.08226 -0.510653 0.00870492
-1.12808 -0.50021 0.00915158
-1.06802 -0.582905 0.0102593
-1.04228 -0.65558 0.0105645
-1.11138 -0.539577 0.01137
-1.11959 -0.660923 0.0107309
-1.1478 -0.641247 0.013454
-1.12335 -0.764918 0.0126072
-1.09512 -0.791545 0.0117798
-1.2273 -0.780132 0.0122878
-1.29192 -0.798085 0.012981
-1.23303 -0.824827 0.0119285
-1.17727 -0.888587 0.0148861
-1.22592 -0.861913 0.0131475
-1.25561 -0.955409 0.0130719
-1.25775 -0.967078 0.0117053
-1.3531 -0.902301 0.0122297
-1.27894 -0.993562 0.0108186
-1.30742 -0.960151 0.00989008
-1.37712 -1.02128 0.0113147
-1.25417 -0.980015 0.0113552
-1.34548 -1.04477 0.010651
-1.34036 -1.13633 0.0100122
-1.32462 -1.11967 0.0107329
-1.43195 -1.19668 0.0122757
-1.29607 -1.25048 0.0113034
-1.35806 -1.25685 0.0108998
-1.30552 -1.27072 0.0119475
-1.36723 -1.37521 0.0121297
-1.30868 -1.37239 0.0105011
-1.27886 -1.30707 0.011359
-1.28871 -1.32334 0.0117098
-1.47544 -1.35359 0.0105008
-1.35686 -1.31046 0.0101145
-1.35921 -1.39248 0.00965421
-1.41478 -1.51935 0.0111301
-1.3512 -1.60929 0.010196
-1.29364 -1.61603 0.0105172
-1.29281 -1.51658 0.010936
-1.24654 -1.60252 0.00892763
-1.28639 -1.64967 0.00912875
-1.33413 -1.61188 0.00578521
-1.22815 -1.7701 0.00798446
-1.19048 -1.75134 0.00740079
-1.21023 -1.85474 0.00787554
-1.22538 -1.75604 0.0093165
-1.20231 -1.75857 0.0114836
-1.18145 -1.79839 0.0116483
-1.12184 -1.92523 0.00980046
-1.1153 -1.89348 0.00963921
-1.15859 -1.92341 0.0100347
-1.09052 -1.85294 0.0113186
-1.10718 -1.96932 0.0102505
-1.00823 -2.07203 0.0103923
-1.09011 -2.05254 0.0101701
-1.02555 -1.9978 0.00948567
-1.04648 -2.14268 0.01092
-0.944412 -2.09441 0.0120336
-0.964088 -2.07945 0.0114791
-0.870673 -2.00274 0.0121092
-0.92371 -2.15955 0.0109132
-0.880023 -2.18813 0.0108064
-0.815143 -2.27024 0.0104485
-0.839276 -2.17044 0.0115646
-0.89786 -2.22401 0.00762229
-0.762239 -2.23031 0.00830517
-0.707504 -2.20492 0.00956754
-0.758539 -2.28003 0.00892617
-0.589184 -2.38175 0.0116866
-0.675559 -2.24133 0.0100147
-0.700185 -2.32583 0.0105178
-0.658433 -2.30983 0.0111127
-0.468817 -2.27312 0.0117755
-0.477899 -2.41623 0.0104574
-0.496724 -2.3353 0.010925
-0.403027 -2.37207 0.0108944
-0.347122 -2.35291 0.0122968
-0.422461 -2.34845 0.00987308
-0.27634 -2.35761 0.011363
-0.32365 -2.3143 0.0108217
-0.354171 -2.36805 0.0104501
-0.107451 -2.46837 0.0110149
-0.113116 -2.38739 0.0115307
-0.171218 -2.43799 0.0109842
-0.130853 -2.38851 0.00768925
-0.177834 -2.51556 0.00755154
-0.0838203 -2.40406 0.00890567
-0.0699511 -2.34913 0.0107816
-0.0656271 -2.4006 0.0120635
-0.00803843 -2.57519 0.0113235
-0.000516034 -2.34944 0.0158888
0.113145 -2.37625 0.00895604
0.0572704 -2.47388 0.00915487
0.170125 -2.42494 0.0105721
0.192819 -2.40537 0.0117258
0.113207 -2.44019 0.0107725
0.212818 -2.37605 0.0102541
0.253836 -2.44765 0.00990288
0.252807 -2.43148 0.0104599
0.268276 -2.36939 0.0094425
0.317113 -2.39564 0.0103584
0.392956 -2.2921 0.0101468
0.458968 -2.42896 0.00932083
0.438471 -2.42094 0.0101088
0.445489 -2.21204 0.00708396
0.389394 -2.31855 0.0101429
0.432742 -2.27043 0.0060655
0.566803 -2.37418 0.008023
0.714551 -2.30252 0.00558921
0.605881 -2.29977 0.0110135
0.572427 -2.17594 0.00997008
0.615486 -2.17095 0.010989
0.639796 -2.29265 0.0107743
0.705161 -2.22111 0.00931546
0.772896 -2.25781 0.00902208
0.758456 -2.18144 0.00985783
0.718114 -2.07065 0.0109296
0.741473 -2.0212 0.00957175
0.745618 -2.1373 0.0108179
0.92164 -2.09486 0.00981883
0.897824 -2.05127 0.00731329
0.830389 -2.00557 0.012894
0.950976 -1.97856 0.0110402
0.950281 -1.93874 0.00867512
0.986272 -1.92281 0.00903475
1.0544 -2.09825 0.00920133
1.06055 -1.96402 0.011182
1.06255 -2.00637 0.0084255
1.20689 -2.02602 0.00770754
1.10822 -1.92304 0.00664963
1.09143 -1.77973 0.0100105
1.04438 -1.77925 0.0104733
1.06571 -1.74072 0.00949346
1.09687 -1.80475 0.0110536
1.21117 -1.69012 0.0112666
1.16997 -1.72053 0.009473
1.13476 -1.69807 0.00805987
1.16579 -1.73518 0.00990771
1.22048 -1.64777 0.00830896
1.28325 -1.59814 0.0108872
1.22663 -1.61701 0.0112693
1.16352 -1.52194 0.0120854
1.2049 -1.52049 0.00934237
1.20752 -1.51944 0.00842892
1.20383 -1.49337 0.0106887
1.20799 -1.46762 0.0102858
1.29413 -1.48051 0.0105779
1.24362 -1.46142 0.0107641
1.10245 -1.3243 0.0117437
1.22847 -1.32174 0.00860479
1.28236 -1.20011 0.00901292
1.2039 -1.28402 0.00723104
1.30247 -1.19596 0.00847029
1.18772 -1.10132 0.0100577
1.2686 -1.15028 0.00938992
1.20344 -1.13814 0.00933492
1.22748 -1.06985 0.0110954
1.20897 -1.02823 0.0104404
1.13002 -1.05175 0.01018
1.14288 -0.877847 0.0121865
1.17529 -0.929384 0.0107329
1.20057 -0.976217 0.00950829
1.24628 -1.00089 0.00978975
1.16941 -0.811937 0.0107033
1.09383 -0.872429 0.00958829
1.15271 -0.776469 0.0107048
1.20069 -0.769952 0.0114903
1.10791 -0.676812 0.0117112
1.11105 -0.760528 0.0125857
1.14528 -0.717189 0.0133036
1.06861 -0.635481 0.0119943
1.05058 -0.595049 0.00925433
1.007 -0.596478 0.0100982
1.14235 -0.55295 0.0106008
1.01617 -0.46561 0.0113219
1.10717 -0.445102 0.0118077
1.0848 -0.344137 0.0105255
1.17023 -0.392441 0.0115748
1.03389 -0.39905 0.00964154
1.09091 -0.239989 0.0101919
1.13655 -0.253247 0.0104062
1.10634 -0.267843 0.0104865
1.14294 -0.18768 0.013423
1.10119 -0.284576 0.0111746
0.981884 -0.212032 0.0126672
0.946676 -0.165843 0.00740625
1.06245 -0.110151 0.006818
1.04974 -0.149693 0.00646913
0.955247 -0.0369584 0.0128869
1.05903 -0.0383409 0.0129062
0.994641 -0.00311795 0.0130562
1.13634 0.00428874 0.0128066
0.946325 -0.0156763 0.00641629
0.980131 0.0461677 0.00653812
0.992505 0.09288 0.0104097
0.931579 0.192657 0.0171095
1.08185 0.166556 0.0128206
1.02407 0.279406 0.0111935
0.938671 0.325848 0.0119841
1.04829 0.328918 0.0111177
0.955739 0.300507 0.0115181
1.00108 0.37123 0.0109395
0.97615 0.449577 0.0116666
1.06001 0.403132 0.0140355
1.04351 0.539846 0.0136999
1.01993 0.423473 0.0118285
0.967879 0.524141 0.0105953
1.05681 0.557491 0.0128604
1.02979 0.5142 0.00963738
1.04677 0.579158 0.0126048
0.971207 0.560918 0.0113363
1.11276 0.607764 0.0103286
1.03713 0.69709 0.0124802
1.06409 0.644863 0.00895104
1.13306 0.761538 0.00918471
1.15303 0.77696 0.00972208
1.09333 0.774622 0.0118265
1.16542 0.840081 0.0114704
1.07062 0.844448 0.0125034
1.01101 0.966444 0.0100685
1.01534 0.968494 0.0139898
0.93685 0.961916 0.010607
1.10648 0.942464 0.0125365
1.04777 1.06272 0.0129055
0.962602 0.954361 0.0124209
0.9851 0.95752 0.0117852
1.03559 0.979498 0.0136579
1.02828 0.932292 0.0137158
0.924809 0.963817 0.0118682
1.09131 1.01617 0.0102757
1.02491 1.03809 0.0112628
1.06014 1.08339 0.00905746
1.033 1.01248 0.0132897
1.05866 1.00059 0.0125606
1.10267 1.01129 0.0124636
1.04158 1.00904 0.00988125
0.975105 0.941291 0.0117889
1.07443 0.99998 0.0120417
1.00388 0.935023 0.0113509
1.06496 0.965317 0.0124559
1.08083 0.992687 0.0122885
0.911495 0.979431 0.0110086
1.01302 1.05594 0.0110798
1.03178 1.03201 0.0113675
1.02961 1.06145 0.0104185
1.06207 0.979573 0.00687613
1.05643 0.964714 0.0138316
1.08185 1.02771 0.0145667
0.968784 1.02237 0.0146831
1.09947 0.962509 0.0123699
1.073 0.98486 0.0133615
0.985742 1.00177 0.0114746
1.0298 0.982081 0.013833
0.996106 0.927783 0.0126172
0.969832 0.988605 0.0116425
1.04809 0.958742 0.0131681
1.01468 1.03038 0.0103896
1.02331 1.09795 0.01083
0.9746 1.07789 0.0111657
1.00106 0.930345 0.010509
1.07852 1.07331 0.014892
0.912664 0.995407 0.0119613
1.06619 1.13181 0.015412
1.0211 1.04188 0.0131648
0.978567 1.06735 0.0182911
1.01314 0.967686 0.0123492
0.971015 0.954207 0.00880313
0.971603 1.05852 0.0130824
0.974229 1.05186 0.0133966
1.02085 0.992035 0.0122132
1.08665 1.0167 0.0110204
1.01628 1.0377 0.011441
0.992526 1.02229 0.0124004
1.07444 1.03707 0.0123793
1.03705 1.02345 0.0129294
1.01566 0.968886 0.0115502
0.956002 0.991263 0.010914
1.07648 1.01343 0.00861046
1.01482 1.0671 0.0113565
1.03429 1.06882 0.0122439
1.07141 0.983355 0.0124358
0.931766 0.99287 0.0134129
1.13362 1.00444 0.0131744
1.02871 0.933375 0.0137668
1.02278 1.02912 0.0132465
0.949494 1.04652 0.0146651
0.973407 1.02264 0.0129968
0.997631 1.01851 0.0129591
0.994805 1.02079 0.0126993
1.03013 0.955138 0.012321
0.989129 0.98711 0.0114895
1.05799 1.04812 0.00957967
1.02096 1.0253 0.0140131
0.930774 0.908202 0.0105717
1.03644 1.05474 0.013348
1.01197 0.950649 0.0137261
1.03154 0.962438 0.0129778
1.01229 1.04365 0.00895571
1.01079 0.995748 0.00821104
1.07036 1.04777 0.00709208
1.02784 1.00126 0.0134488
0.980306 0.998228 0.0141775
0.987374 1.04522 0.0119649
0.95943 1.03075 0.0130948
0.983019 1.0895 0.0128646
1.02675 1.02115 0.011182
1.05468 1.04079 0.0115235
1.04574 1.03112 0.0114666
1.00786 0.988814 0.010866
0.986437 0.94365 0.0135112
1.05211 1.03117 0.014709
1.0432 1.00889 0.0121914
1.02826 1.0222 0.0127246
1.0133 1.02755 0.011472
1.02934 1.10428 0.0114219
0.994323 1.02519 0.0137244
1.03825 1.02239 0.0144585
1.00952 0.950942 0.0138745
1.01043 0.910834 0.012745
0.979417 0.966358 0.0112096
0.966368 1.02683 0.0110742
0.953323 0.998372 0.0130017
1.02663 1.04154 0.0123935
1.01973 1.04612 0.0123719
1.02573 0.98456 0.012583
1.04801 1.04955 0.0123551
0.962617 0.960744 0.0129704
1.06294 0.986171 0.014861
1.01982 1.00407 0.012758
1.03009 0.988169 0.0131686
1.04653 1.0763 0.0139038
1.03553 0.979965 0.012496
1.08591 0.976112 0.012384
1.02778 0.977869 0.0149636
1.05667 0.956135 0.0130245
1.102 1.00491 0.0120515
1.00557 0.941822 0.0118275
0.98495 0.981126 0.011426
1.00954 1.05609 0.0112187
0.997514 0.987505 0.0104913
0.998953 1.00899 0.012506
1.10061 1.03178 0.0103748
1.03135 1.04776 0.0116926
1.10581 0.982679 0.0123811
1.02558 0.985208 0.009194
1.0076 1.03513 0.013995
1.0076 1.03513 0.0131492
1.0076 1.03513 0.0148435
1.0076 1.03513 0.0126931
1.0076 1.03513 0.0122732
1.0076 1.03513 0.0123539
1.0076 1.03513 0.0123492
1.0076 1.03513 0.013861
1.0076 1.03513 0.0133231
1.0076 1.03513 0.0132631
1.07167 1.00619 0.0131337
1.0076 1.03513 0.0111144
1.0076 1.03513 0.0120672
1.0076 1.03513 0.010481
1.04907 0.950255 0.0108541
1.0076 1.03513 0.0139988
1.0076 1.03513 0.011461
