8.79954 -3.51142 0.0105573
-0.0782101 7.45109 0.0130168
0.050266 7.30095 0.0116175
0.239759 7.12375 0.0120846
0.326817 7.07662 0.0144086
0.440845 7.01091 0.0126881
0.54835 6.99797 0.0127533
0.560399 6.82629 0.0127348
0.609064 6.87925 0.0130455
0.370188 6.6269 0.0142503
0.357513 6.94921 0.0150969
0.438081 6.90237 0.0129678
0.79922 6.79297 0.0148692
0.56286 6.89413 0.0143717
0.577084 6.90154 0.00932196
0.273302 7.19767 0.0152115
0.520962 7.07619 0.0130823
0.501655 6.91192 0.0140443
0.608338 6.85344 0.0125757
0.621867 6.81724 0.0140206
0.553585 6.91043 0.0139674
0.952333 6.96808 0.0146051
0.546769 6.90861 0.0130212
0.601091 6.86623 0.0131541
0.2864 6.97471 0.0153802
0.474717 6.87479 0.0135797
0.49966 6.90199 0.0143695
0.50596 6.56612 0.0163028
0.564934 6.71637 0.0135893
0.560353 6.81249 0.0125274
0.586966 6.84521 0.0133475
0.558715 6.86633 0.013564
0.589701 6.90775 0.0146678
0.570577 6.89815 0.0150575
0.567765 6.88943 0.0144485
0.596784 6.82786 0.0135243
0.586582 6.88131 0.012813
0.563264 6.85464 0.0140437
0.275876 7.12245 0.0169435
0.449255 6.87649 0.0143013
0.533088 6.68122 0.0149596
0.71405 6.62882 0.0130245
0.649302 6.8917 0.0148199
0.803208 6.3024 0.017747
0.571712 6.88888 0.0127558
0.596861 6.87719 0.0141804
0.601674 6.86344 0.0145536
0.601878 6.89771 0.0129121
0.947009 6.90613 0.013927
0.643638 6.94016 0.0143555
0.623466 6.95676 0.0131231
0.652556 6.94089 0.0132616
0.599776 6.93242 0.0132063
0.614559 6.95857 0.0147379
0.658087 7.04098 0.0143538
0.776179 7.20212 0.0135923
0.711486 7.05383 0.0129528
0.690448 7.11413 0.0110763
0.759737 7.13657 0.0124733
0.930545 7.10478 0.0127752
0.789905 7.12648 0.0126339
0.741205 7.13278 0.0152702
0.795785 7.24253 0.0158995
0.759375 7.2376 0.0152446
0.826689 7.23237 0.0145147
0.833203 7.27692 0.0134852
0.843278 7.27704 0.0145643
0.843061 7.32729 0.013454
0.875205 7.37094 0.0133591
0.89822 7.31662 0.0114487
0.895904 7.37828 0.00972429
0.939055 6.91149 0.010903
0.867461 7.21718 0.00948217
0.886465 7.35558 0.00926617
1.21146 7.19833 0.00943992
0.94942 7.43111 0.00897162
1.00823 7.58488 0.00885742
0.967226 7.64042 0.00930142
1.06697 7.59347 0.0109827
1.07137 7.67047 0.0136667
1.02808 7.63082 0.0133689
1.09371 7.67919 0.0127155
1.09936 7.71377 0.0137591
1.07375 7.72664 0.0138672
1.09616 7.72261 0.014801
1.52687 7.59134 0.0162617
1.20352 7.77991 0.0143915
1.16368 7.88301 0.0125623
0.937923 7.963 0.0137871
1.26767 7.93981 0.0131945
1.17708 7.94701 0.0147272
1.19451 7.91345 0.0121655
1.31186 7.9708 0.0151346
1.25076 7.95764 0.01486
1.32186 8.00453 0.0143252
1.3151 8.01487 0.014237
1.24198 7.62988 0.0152816
1.08851 7.8961 0.00952721
1.39173 7.95328 0.00916104
1.12945 7.48845 0.0102665
1.1878 7.9412 0.00986583
1.3221 7.99272 0.0111942
1.29294 8.23131 0.0126367
1.41302 8.14382 0.0145186
1.42546 8.19763 0.0154869
1.45923 8.21861 0.0160502
1.7828 8.08614 0.0180041
1.50337 8.30123 0.0144316
1.49579 8.37251 0.0170208
1.53529 8.37032 0.0141835
1.53845 8.41379 0.0148683
1.53922 8.42417 0.01562
1.56676 7.9518 0.019351
1.5257 8.21221 0.0171017
1.83228 8.40337 0.0164669
1.73529 8.43706 0.016973
1.70849 8.5403 0.0145273
1.65417 8.62981 0.0145801
1.67889 8.60136 0.0153326
1.61198 8.60654 0.014603
1.71733 8.72035 0.0155234
1.65425 8.69306 0.0141542
1.64997 8.6915 0.0140483
1.7318 8.76634 0.0162154
1.75251 8.76161 0.015056
1.73889 8.81267 0.014636
1.84126 8.77661 0.014546
1.81054 8.84805 0.0152489
1.78724 8.86668 0.0152057
1.81834 8.89799 0.013759
1.8659 9.07643 0.0156762
2.19634 8.79678 0.0178197
2.33031 8.7589 0.0165227
2.61251 8.77212 0.0198835
2.70824 8.87989 0.0169216
2.75055 8.89656 0.0165487
2.70675 8.95107 0.0161365
2.81586 8.95948 0.0157892
3.09662 9.01788 0.0163276
2.89473 9.01993 0.0146803
2.814 8.98181 0.0154747
2.60416 9.03354 0.0153476
2.43709 9.08191 0.0128067
2.28088 9.09516 0.0140748
2.12212 9.19705 0.0136305
2.08696 9.30687 0.0134912
2.10509 9.3114 0.0149083
2.09091 9.38251 0.0142448
2.10074 9.36868 0.0154651
2.16529 9.35742 0.0149602
2.11107 9.41 0.0146162
2.17118 9.50247 0.0143544
2.14317 9.47025 0.0147347
2.18584 9.53551 0.0131094
2.18737 9.55025 0.014526
2.26157 9.56985 0.0136422
2.26597 9.59052 0.0130318
2.28505 9.62792 0.0147457
2.2656 9.61792 0.0143625
2.34467 9.69288 0.0143706
2.32708 9.74055 0.0132737
2.38507 9.78904 0.0149321
2.32546 9.77476 0.0154997
2.3481 9.81206 0.0122743
2.40541 9.85186 0.013883
2.39083 9.85902 0.0143605
2.41689 9.88559 0.0154554
2.66463 9.88438 0.0133789
2.48588 9.89445 0.0150324
2.45135 10.0174 0.0147455
2.55972 9.46419 0.0172502
2.24763 9.45667 0.0142335
2.36407 9.76652 0.0163044
2.37407 9.89982 0.0148995
2.41791 9.98208 0.0142916
2.52644 10.0794 0.0123866
2.54973 10.1504 0.0149095
2.57943 10.1453 0.0155943
2.58422 10.1867 0.0153316
2.61622 10.1937 0.0155284
2.66013 10.2198 0.0147081
2.68333 10.186 0.014359
2.71482 10.2298 0.0143217
2.77798 10.3055 0.013372
2.74427 10.2833 0.0135986
2.77454 10.2962 0.0141085
2.81115 10.3364 0.0130675
2.7923 10.2758 0.0136423
2.83327 10.3292 0.0140798
2.80569 10.3088 0.0126308
2.73662 9.85401 0.0145491
2.84934 9.61603 0.0125446
3.05463 9.84804 0.0176169
2.9049 10.0917 0.0141572
2.86801 10.2884 0.0155283
3.01457 10.3673 0.0161916
2.90307 10.4356 0.015059
2.9883 10.5414 0.0152188
3.00237 10.6085 0.0146396
3.01623 10.6022 0.0145698
3.04325 10.6149 0.0145943
2.97222 10.6603 0.0151054
3.08289 10.7414 0.016544
3.06364 10.2349 0.0173083
3.0996 10.4036 0.0132679
3.0283 9.99859 0.0175877
2.95609 10.4227 0.0142838
3.27348 10.6869 0.0135158
3.11669 10.6917 0.0153008
3.09158 10.9017 0.0156721
3.17156 10.9281 0.0153088
3.18586 10.91 0.0139806
3.13911 10.4094 0.0163215
3.01962 10.744 0.0157963
3.08906 10.2466 0.0192238
3.11048 10.0698 0.0204383
3.1303 9.82828 0.0190749
3.09123 9.58086 0.0199319
3.13698 9.25357 0.0177374
3.12765 8.98795 0.0171745
3.03876 8.75351 0.0159658
3.1676 8.49747 0.0181028
3.03142 8.28427 0.0158938
3.29189 8.03199 0.0183008
3.23577 7.70697 0.0187961
3.14249 7.46797 0.017572
3.13116 7.27478 0.0145995
3.13389 7.09228 0.0136225
3.0944 6.95597 0.0132562
3.05225 6.90854 0.0147039
3.05181 6.91459 0.0151857
3.05043 6.88178 0.0144685
3.02744 6.95299 0.0152793
3.03071 6.97303 0.0143811
3.02665 7.00243 0.0166318
3.0712 7.01959 0.0144741
3.08348 7.05895 0.0158025
3.10662 7.09531 0.0152069
3.10403 7.09749 0.0148976
3.09017 7.16074 0.0173249
3.07049 7.14399 0.0137729
3.06093 7.19158 0.0173193
3.11066 7.21406 0.00940062
3.09258 7.23396 0.018456
3.12179 7.39792 0.0154672
3.08846 7.30979 0.0174955
3.09884 7.32169 0.0148721
3.09155 7.33457 0.0134318
3.14439 7.44395 0.0126365
3.13705 7.43913 0.0122278
3.13192 7.48274 0.0156779
3.14519 7.51438 0.0146022
3.17179 7.53365 0.0166425
3.12269 7.58758 0.0167895
3.16701 7.55049 0.0155044
3.33553 7.13891 0.0176781
3.16431 7.52336 0.0162948
3.20233 7.62237 0.016457
3.20154 7.66278 0.0163593
3.22859 7.7439 0.0156121
3.16724 7.7861 0.0163208
3.19085 7.79569 0.0153686
3.2595 7.82933 0.0148823
3.19278 7.83902 0.0143498
3.23942 7.91625 0.0142964
3.23566 7.94562 0.0154245
3.25298 7.98976 0.0150482
3.22847 7.95535 0.0160068
3.18768 7.95634 0.0172802
3.19635 7.98506 0.0121518
3.2592 8.05047 0.013861
3.28829 8.0419 0.0158467
3.32762 8.09214 0.0155737
3.24975 8.06916 0.0156648
3.28692 8.21563 0.0166969
3.25974 8.20639 0.0172842
3.30663 8.22658 0.0155931
3.27073 8.27532 0.0158105
3.27259 8.36635 0.0163596
3.27336 8.31886 0.0176426
3.26964 8.32418 0.0171968
3.3107 8.39197 0.0147267
3.37758 8.40867 0.0160328
3.33711 8.47365 0.0165694
3.37287 8.45159 0.0163266
3.28731 8.49482 0.0153119
3.36862 8.46902 0.0174535
3.33241 8.57392 0.0171799
3.36675 8.59521 0.0175535
3.31451 8.60029 0.017337
3.3681 8.63563 0.0160923
3.37722 8.62009 0.013987
3.45622 8.71835 0.0151277
3.3706 8.69873 0.015966
3.39699 8.745 0.0164414
3.41992 8.76115 0.0166265
3.4029 8.8171 0.0173358
3.42264 8.87133 0.017319
3.39944 8.85712 0.0156666
3.41589 8.92487 0.0161722
3.40035 8.96236 0.0159538
3.39186 8.97922 0.0160497
3.37766 9.01467 0.015824
3.43408 9.0022 0.0162238
3.41736 9.1162 0.0174865
3.46069 9.0731 0.014493
3.45 9.11469 0.015557
3.47529 9.19286 0.0163485
3.46184 9.17173 0.0172271
3.44744 9.14288 0.0175742
3.45831 9.24016 0.0180332
3.4842 9.32509 0.0138527
3.51394 9.31058 0.0117703
3.44836 9.30583 0.0145956
3.51123 9.32005 0.0148752
3.48666 9.3169 0.0156883
3.50926 9.29407 0.0166893
3.52089 9.30253 0.0169021
3.47371 9.25261 0.0175684
3.49559 9.27801 0.0148905
3.49721 9.29658 0.0141192
3.47774 9.29209 0.0141221
3.50006 9.33025 0.0153661
3.49541 9.32044 0.0161618
3.48437 9.31883 0.0167207
3.45706 9.29406 0.017438
3.49976 9.25842 0.0165973
3.5112 9.2448 0.01328
3.4862 9.31083 0.0152817
3.47722 9.31676 0.0158318
3.50974 9.27833 0.0156667
3.49866 9.29998 0.0148547
3.46257 9.2656 0.0160444
3.51702 9.27672 0.0121378
3.46497 9.2883 0.0142667
3.46619 9.31171 0.012728
3.51397 9.29454 0.0173924
3.5244 9.29669 0.016162
3.50325 9.25103 0.0160624
3.48614 9.30099 0.017359
3.48548 9.27686 0.0152663
3.50955 9.32564 0.0157711
3.53026 9.32575 0.014221
3.51728 9.26001 0.0147963
3.47554 9.32295 0.0138338
3.46896 9.31981 0.0142625
3.50824 9.37514 0.0171016
3.48542 9.36113 0.0168702
3.54388 9.33802 0.0153983
3.50718 9.40063 0.0136146
3.50078 9.47734 0.0155198
3.54991 9.42613 0.0159159
3.55567 9.47504 0.016192
3.50728 9.46062 0.0172221
3.58102 9.50872 0.0136493
3.56343 9.56137 0.0146661
3.53763 9.52192 0.0147726
3.57517 9.64585 0.0149172
3.57585 9.63405 0.015268
3.58745 9.60886 0.0157265
3.55339 9.64743 0.0140866
3.58747 9.70054 0.0142312
3.56688 9.64931 0.014769
3.5453 9.70284 0.0146136
3.59826 9.71707 0.0142017
3.54543 9.69748 0.0143804
3.59944 9.73036 0.0154032
3.56706 9.71458 0.0146728
3.62987 9.74563 0.015263
3.58717 9.76381 0.0154885
3.54668 9.79846 0.0158463
3.59378 9.81268 0.0140292
3.58861 9.80145 0.012934
3.63111 9.78459 0.0160672
3.57465 9.8257 0.0153871
3.59339 9.82934 0.0167374
3.57611 9.84173 0.0132526
3.55818 9.8572 0.0132565
3.59025 9.85802 0.013516
3.58503 9.91193 0.0143119
3.55288 9.88902 0.0146979
3.53794 9.96122 0.0149478
3.61104 9.96904 0.0138
3.57247 9.98672 0.0149283
3.6086 9.98675 0.0151442
3.63218 9.9777 0.017043
3.64637 10.0493 0.0158303
3.63841 10.0803 0.0144834
3.62545 10.0742 0.0156428
3.61127 10.1577 0.0173813
3.64758 10.1648 0.015061
3.6286 10.2637 0.0145632
3.60739 10.2288 0.0153715
3.62522 10.2679 0.0140298
3.6751 10.3368 0.014421
3.64017 10.3043 0.0175788
3.64683 10.3653 0.0160666
3.64271 10.3803 0.0133395
3.65274 10.4195 0.0132758
3.63624 10.5067 0.0142904
3.63707 10.5332 0.0149598
3.60825 10.4908 0.0151304
3.56986 10.5028 0.0176381
3.56058 10.5661 0.0194206
3.59781 10.5822 0.0179886
3.5537 10.3169 0.0188849
3.55196 10.6039 0.016157
3.62869 10.6548 0.0157997
3.54701 10.7221 0.0172267
3.57247 10.7424 0.0194224
3.43521 10.4901 0.0188676
3.56351 10.8333 0.016192
3.53695 10.7964 0.0152552
3.27876 10.5926 0.0154938
3.40446 10.5637 0.0177974
3.62016 10.8976 0.0142295
3.28072 10.546 0.0165219
3.34666 10.5622 0.0167235
3.28498 10.6129 0.0141507
3.37371 10.8209 0.015307
3.37581 10.9195 0.015652
3.51853 11.0298 0.0166002
3.51498 11.1043 0.0149468
3.20579 10.7292 0.0166797
3.2004 10.8032 0.0168174
3.4133 11.167 0.0162054
3.21746 10.7661 0.0178411
3.22242 10.8269 0.0188288
3.43599 11.1944 0.0180431
3.1976 10.904 0.0158099
3.09176 10.8946 0.0174395
3.18751 10.9431 0.017734
3.37126 11.2255 0.0171987
3.08555 10.9858 0.0180174
3.0828 11.0451 0.0176659
3.14398 11.4544 0.0175882
3.21732 11.4887 0.0173853
3.09196 11.0707 0.0179227
3.12811 11.0714 0.0176393
2.9983 11.1086 0.0182666
3.27862 11.567 0.0186183
3.01975 11.1626 0.0161113
2.96573 11.1628 0.0175214
3.00852 11.4975 0.0142626
3.04592 11.6828 0.0157858
3.06249 11.7261 0.0107365
3.11999 11.7903 0.010423
2.8722 11.4388 0.0101281
3.04816 11.7068 0.0142914
2.90932 11.327 0.0152498
2.7971 11.3779 0.0166462
2.79923 11.383 0.01167
2.74571 11.3853 0.0120442
2.69479 11.3926 0.0132
2.70677 11.4937 0.016168
2.67826 11.4339 0.0155118
2.68952 11.4874 0.0216775
2.62242 11.4451 0.0246466
2.60472 11.5329 0.0177945
2.60397 11.54 0.0163183
2.65838 11.7217 0.0158918
2.53954 11.5844 0.0138395
2.66765 12.0055 0.0122018
2.67855 12.0886 0.0149497
2.63072 12.2065 0.0153178
2.61993 12.248 0.016204
2.59716 12.2475 0.0149105
2.5332 12.2319 0.0143955
2.56033 12.2707 0.0135605
2.56367 12.2925 0.0147417
2.47676 12.3538 0.0155285
2.48486 12.3123 0.0160515
2.45356 12.3147 0.0136131
2.35098 12.3415 0.0152114
2.40221 12.384 0.0136668
2.33244 12.3698 0.0140795
2.29948 12.42 0.0151277
2.262 12.4631 0.0142317
2.29338 12.4134 0.014207
2.17919 12.3925 0.0154336
2.14234 12.4549 0.0134089
2.16946 12.4594 0.0137906
2.06567 12.4658 0.0128401
2.07491 12.4862 0.0133174
2.03644 12.4463 0.0147992
2.0427 12.4643 0.0139474
1.99444 12.4076 0.014007
1.933 12.508 0.0135134
1.92161 12.5217 0.0137545
1.909 12.5148 0.0176131
1.89145 12.4743 0.0140388
1.84679 12.4045 0.00800496
1.7955 12.4872 0.0112419
1.77226 12.4906 0.014715
1.72923 12.4349 0.015563
1.69359 12.4986 0.0141852
1.65383 12.4656 0.0149832
1.62814 12.521 0.0145233
1.58508 12.4907 0.0160166
1.57986 12.5106 0.0140787
1.53313 12.49 0.014455
1.49322 12.5243 0.0142449
1.4384 12.5063 0.0137483
1.44292 12.5455 0.0110751
1.41842 12.5357 0.0139804
1.37152 12.5739 0.0139043
1.35329 12.5625 0.0132862
1.32471 12.4961 0.0140558
1.32531 12.5252 0.0137223
1.29399 12.5582 0.0142377
1.22334 12.5762 0.014057
1.23638 12.5371 0.0147476
1.20387 12.5387 0.0149722
1.10852 12.5455 0.0151916
1.11128 12.5273 0.0143296
1.084 12.5435 0.0156113
1.06651 12.5469 0.0156515
1.0056 12.5078 0.0154478
1.04968 12.5256 0.015439
0.959024 12.5756 0.0164763
0.907424 12.5392 0.0149322
0.934441 12.572 0.0158697
0.927571 12.5628 0.0161225
0.835691 12.5777 0.0154167
0.761549 12.5677 0.0134962
0.706099 12.553 0.014903
0.763458 12.5602 0.0159565
0.763002 12.5776 0.0161562
0.690504 12.5611 0.015714
0.624135 12.5365 0.0162757
0.582256 12.5768 0.016858
0.558994 12.5562 0.015
0.567767 12.5572 0.0158116
0.583359 12.5248 0.0166182
0.454634 12.5147 0.0153041
0.438832 12.5031 0.0147564
0.416516 12.5097 0.0155228
0.356391 12.4443 0.0151157
0.32127 12.4721 0.0124133
0.284615 12.5727 0.0147157
0.327885 12.528 0.0145487
0.226956 12.5452 0.0171993
0.246755 12.5356 0.0173754
0.185897 12.5174 0.0144773
0.207292 12.4794 0.0156136
0.133309 12.4992 0.0161221
0.122473 12.5033 0.013641
0.0591674 12.4551 0.0117721
0.0483511 12.4938 0.0158284
0.00621625 12.512 0.0148651
-0.0354187 12.4197 0.0159586
-0.0819914 12.5292 0.0133452
-0.0540942 12.4639 0.0174897
-0.0833255 12.4528 0.0147388
-0.145234 12.4223 0.0146761
-0.182189 12.3929 0.0155628
-0.202995 12.3962 0.0164295
-0.233484 12.4632 0.0164305
-0.322337 12.3874 0.015639
-0.314308 12.3652 0.0162004
-0.288078 12.4139 0.0145042
-0.259236 12.1368 0.015745
-0.423678 12.0186 0.0177342
-0.438035 11.8765 0.0168574
-0.479203 11.9094 0.0168176
-0.550316 11.793 0.0177373
-0.472684 12.2436 0.0167294
-0.633584 11.7966 0.0150935
-0.629542 11.8068 0.01587
-0.724969 11.8568 0.0159752
-0.583197 12.2756 0.020027
-0.781917 11.9442 0.0198527
-0.78856 11.8441 0.0230083
-0.745602 11.8655 0.0181097
-0.758116 12.157 0.0171577
-0.732628 12.1729 0.0205764
-0.851362 11.8289 0.0181003
-0.884792 12.154 0.0170493
-0.792457 12.1401 0.0187073
-0.927968 11.6652 0.0163802
-0.874421 11.8154 0.0172185
-0.949443 11.7508 0.0181527
-0.945647 11.7358 0.0169365
-0.93508 11.9887 0.0159936
-1.1116 11.6913 0.0180834
-0.943294 12.0286 0.0160701
-1.01531 11.9293 0.0108972
-1.11349 11.7756 0.0185472
-1.09224 11.8908 0.0153238
-1.02367 11.8434 0.0138808
-1.04874 11.8798 0.0154333
-1.09407 11.6264 0.0188186
-1.12297 11.4698 0.0177585
-1.13639 11.8473 0.0167775
-1.1688 11.6055 0.016721
-1.24089 11.7179 0.0198741
-1.13969 11.3766 0.0181836
-1.20525 11.6807 0.0171055
-1.36978 11.4735 0.0188762
-1.36228 11.3936 0.0189933
-1.30737 11.6336 0.0171191
-1.37094 11.638 0.0184868
-1.31055 11.2472 0.0169068
-1.34786 11.2814 0.0181848
-1.37917 11.2557 0.0158062
-1.41096 11.1716 0.0173342
-1.40917 11.433 0.0176806
-1.40522 11.1877 0.0190712
-1.47635 11.198 0.0169698
-1.44836 11.3931 0.017237
-1.47599 11.0678 0.014928
-1.44598 11.2937 0.0155129
-1.48839 11.309 0.0155677
-1.48357 11.2517 0.0184423
-1.42443 11.0838 0.0182025
-1.48086 11.2004 0.0169743
-1.52451 10.9134 0.0179306
-1.47502 11.0931 0.0175332
-1.48401 11.0845 0.0173128
-1.48981 11.0406 0.0164751
-1.43722 11.0722 0.0170841
-1.46465 11.0137 0.0160248
-1.53003 10.9442 0.01743
-1.45812 10.9232 0.0154622
-1.47581 10.8582 0.0168818
-1.47023 10.8673 0.0174028
-1.46561 10.832 0.0156874
-1.43889 10.793 0.0159474
-1.44262 10.7234 0.0166498
-1.47847 10.7861 0.0112854
-1.46165 10.7188 0.0122055
-1.48099 10.6207 0.0148005
-1.48586 10.6141 0.0156713
-1.4515 10.591 0.0147943
-1.39375 10.6197 0.0155517
-1.42174 10.5437 0.0170101
-1.43798 10.53 0.0180325
-1.37404 10.5349 0.0161799
-1.39194 10.4194 0.0171295
-1.37916 10.4462 0.0170144
-1.32754 10.4401 0.0170919
-1.31555 10.3688 0.0155767
-1.34543 10.3205 0.0160109
-1.25933 10.3101 0.0174255
-1.32917 10.2703 0.0164092
-1.26021 10.2437 0.0169356
-1.28317 10.1774 0.0182435
-1.23934 10.1552 0.0154093
-1.28685 10.1545 0.0150424
-1.23852 10.1012 0.0167624
-1.25411 10.0997 0.0174113
-1.20718 10.0298 0.01872
-1.2087 10.0056 0.0130313
-1.12045 10.0017 0.0132815
-1.1937 9.93342 0.0127513
-1.19489 9.87103 0.012494
-1.15908 9.955 0.0144733
-1.0976 9.87572 0.0156044
-1.10447 9.85088 0.0161759
-1.11075 9.795 0.0163642
-1.16531 9.80236 0.016093
-1.11801 9.71676 0.0165656
-1.13165 9.70212 0.015425
-1.13567 9.65143 0.0160605
-1.083 9.63211 0.016376
-1.06585 9.58076 0.0166814
-1.15143 9.58057 0.0163947
-1.07347 9.57956 0.0146126
-1.03462 9.56293 0.0126242
-1.07045 9.47842 0.0103635
-1.0314 9.47814 0.00940042
-1.00672 9.49975 0.0160197
-1.05274 9.46201 0.0198857
-0.995196 9.39732 0.0138605
-1.01743 9.35999 0.0154824
-0.953888 9.28834 0.0168967
-0.948896 9.30554 0.0150602
-0.970056 9.2604 0.0155783
-0.9188 9.20511 0.0138155
-0.917685 9.17874 0.0180699
-0.954007 9.11649 0.0147437
-0.964817 9.1388 0.0169843
-0.965515 9.07679 0.0183569
-0.962481 9.01943 0.0161046
-0.909134 9.07494 0.0152595
-0.876334 8.9707 0.0167851
-0.888291 8.96419 0.0168647
-0.915918 8.90492 0.0168191
-0.975804 8.85804 0.0176264
-0.928261 8.92376 0.0180158
-0.931881 8.90316 0.0149327
-0.890265 8.8311 0.0160162
-0.908242 8.76274 0.0159901
-0.883274 8.8309 0.0163042
-0.898551 8.73313 0.0134767
-0.889774 8.75138 0.0141452
-0.806862 8.67251 0.0152711
-0.882163 8.62528 0.0166506
-0.848411 8.67335 0.0169314
-0.825896 8.5368 0.0153996
-0.849135 8.57545 0.0154493
-0.829211 8.55053 0.0163934
-0.772155 8.53161 0.015325
-0.871413 8.48468 0.0176403
-0.825454 8.45035 0.015768
-0.813099 8.45012 0.0163914
-0.81414 8.41689 0.0157436
-0.814594 8.37722 0.0165105
-0.765075 8.32136 0.0162135
-0.768368 8.323 0.0178804
-0.724918 8.2837 0.0170768
-0.735008 8.27648 0.015078
-0.738434 8.24273 0.0158039
-0.735889 8.19489 0.015238
-0.696492 8.09142 0.0174019
-0.767831 8.0935 0.0134483
-0.718045 8.0782 0.014164
-0.723654 8.10749 0.0157337
-0.731755 8.01229 0.015002
-0.727662 8.04867 0.0174689
-0.746866 7.95482 0.0156248
-0.705937 7.93286 0.0153399
-0.727178 7.92923 0.0161843
-0.721189 7.85721 0.0163595
-0.728303 7.86594 0.0157325
-0.667956 7.88255 0.0145975
-0.661335 7.82612 0.0153219
-0.685478 7.79874 0.015875
-0.658228 7.73431 0.0152922
-0.683894 7.74263 0.0167655
-0.657274 7.6677 0.0113304
-0.687382 7.70682 0.0158568
-0.635241 7.56849 0.0153119
-0.655683 7.62965 0.0152069
-0.668533 7.60032 0.0149344
-0.64992 7.56048 0.0154859
-0.691433 7.48896 0.0159317
-0.61246 7.47451 0.012548
-0.615784 7.44467 0.0144435
-0.648978 7.43256 0.0156564
-0.625988 7.41097 0.0158408
-0.617551 7.31471 0.0142006
-0.574583 7.33873 0.0152102
-0.611287 7.30498 0.0138489
-0.584275 7.31083 0.014938
-0.557957 7.2108 0.0142118
-0.580601 7.12945 0.015167
-0.624132 7.16849 0.0147559
-0.630384 7.15789 0.0152702
-0.572779 7.14802 0.0156578
-0.584191 7.13192 0.0143596
-0.600438 7.05113 0.0160187
-0.591969 7.03352 0.0139721
-0.590106 6.9438 0.0155516
-0.582817 6.9189 0.0148022
-0.526465 6.91337 0.0148592
-0.559857 6.91469 0.0147111
-0.540747 6.80657 0.0128528
-0.525066 6.81694 0.0121082
-0.522098 6.78818 0.0133048
-0.52129 6.78706 0.0156514
-0.570743 6.78591 0.0149176
-0.527786 6.72187 0.0138487
-0.535653 6.71401 0.0138006
-0.502927 6.66382 0.0145741
-0.560801 6.62931 0.0158966
-0.567113 6.59271 0.0161945
-0.573343 6.58372 0.0133778
-0.502939 6.55011 0.0149327
-0.571549 6.51002 0.0167395
-0.53467 6.50241 0.0153875
-0.545953 6.46157 0.0151712
-0.516685 6.40113 0.0155795
-0.537356 6.40988 0.0155378
-0.57639 6.37101 0.016815
-0.474464 6.31309 0.016861
-0.518489 6.39411 0.0172562
-0.446754 6.28856 0.0170585
-0.481599 6.23583 0.0162884
-0.502809 6.18922 0.0149322
-0.501297 6.19081 0.01553
-0.532913 6.15597 0.0164075
-0.483466 6.10009 0.0156326
-0.532157 6.11785 0.0157755
-0.524618 6.03011 0.0156635
-0.543816 6.06735 0.0159554
-0.57575 6.03466 0.0149863
-0.504229 5.98085 0.015729
-0.542267 5.97654 0.0162901
-0.534016 5.96255 0.0162969
-0.519047 5.92489 0.016155
-0.545714 5.8882 0.0156695
-0.580165 5.82622 0.0157415
-0.522089 5.87717 0.0141217
-0.546496 5.82736 0.0137652
-0.574596 5.8235 0.0161733
-0.530692 5.70537 0.0158435
-0.550185 5.69891 0.0146256
-0.551989 5.67269 0.0142009
-0.51748 5.67054 0.0141631
-0.506637 5.56252 0.0151634
-0.56224 5.6104 0.0130306
-0.54 5.55188 0.0141468
-0.526308 5.53205 0.0151798
-0.536714 5.52272 0.015084
-0.521735 5.51121 0.0146915
-0.52471 5.43697 0.0151222
-0.477914 5.40605 0.0155928
-0.556003 5.42993 0.0155003
-0.550544 5.39961 0.0151597
-0.518555 5.29723 0.0159031
-0.543477 5.29623 0.0141946
-0.514845 5.2865 0.0158497
-0.592256 5.26189 0.0165296
-0.533642 5.26653 0.0163921
-0.569999 5.17372 0.0144692
-0.513725 5.1764 0.0146838
-0.535681 5.16224 0.0154134
-0.52993 5.12687 0.016151
-0.513026 5.07141 0.0154934
-0.527235 5.05252 0.0160588
-0.582984 5.01072 0.0152544
-0.559857 4.9692 0.0134486
-0.504433 4.96015 0.0144832
-0.528011 4.91055 0.0146769
-0.592504 4.92306 0.0169065
-0.571812 4.89829 0.0173504
-0.521762 4.86686 0.0159672
-0.553212 4.82008 0.0167465
-0.519685 4.74716 0.0164705
-0.558309 4.75152 0.0155231
-0.517263 4.68198 0.0158835
-0.596146 4.69103 0.0158566
-0.55937 4.70743 0.0167046
-0.591375 4.62372 0.0162447
-0.594639 4.57113 0.0171901
-0.599267 4.59747 0.0169588
-0.615629 4.57271 0.0148754
-0.551669 4.53526 0.0161202
-0.598925 4.45933 0.0170258
-0.607821 4.43586 0.0172972
-0.583969 4.42337 0.0166846
-0.559273 4.42985 0.0159683
-0.563927 4.35924 0.0147738
-0.565151 4.35094 0.0161953
-0.51699 4.28972 0.0158438
-0.560617 4.21879 0.0171357
-0.557014 4.26888 0.017544
-0.544946 4.2091 0.0167496
-0.536853 4.18548 0.0177919
-0.57295 4.1166 0.0179689
-0.582262 4.11085 0.0141684
-0.610115 4.12049 0.0147455
-0.612645 4.06335 0.015877
-0.565727 4.01322 0.0165952
-0.574945 3.97385 0.016904
-0.624856 3.92693 0.0178656
-0.6491 3.91431 0.016445
-0.631302 3.87149 0.015216
-0.618731 3.93484 0.015293
-0.658921 3.90384 0.0150897
-0.630004 3.83535 0.0147154
-0.652869 3.76685 0.0150287
-0.677891 3.70429 0.0142538
-0.692089 3.74999 0.0151059
-0.632582 3.69314 0.0132319
-0.70623 3.69308 0.0136433
-0.628767 3.66324 0.0146204
-0.71182 3.61948 0.0157964
-0.6551 3.52634 0.01678
-0.66387 3.5519 0.0163895
-0.667264 3.58256 0.0177627
-0.631976 3.48648 0.0156679
-0.674014 3.41711 0.0157271
-0.691288 3.43531 0.0157338
-0.641414 3.4337 0.0158739
-0.62034 3.35579 0.0168509
-0.68751 3.30746 0.0170167
-0.673427 3.32761 0.0171938
-0.680369 3.27114 0.0167086
-0.618681 3.20704 0.0172318
-0.682792 3.15876 0.0146417
-0.672621 3.13818 0.0157106
-0.704666 3.14348 0.0162447
-0.675334 3.12167 0.0170937
-0.637218 3.0797 0.0144822
-0.680256 3.01143 0.0118086
-0.730123 3.00496 0.0137329
-0.673047 2.9704 0.0136974
-0.653984 2.94033 0.0129739
-0.717789 2.99074 0.012306
-0.688256 2.86333 0.016972
-0.736362 2.84871 0.0170727
-0.691206 2.86738 0.0174202
-0.727783 2.89291 0.0158803
-0.653098 2.7841 0.0141709
-0.74521 2.7391 0.0156033
-0.769136 2.76302 0.0162179
-0.766333 2.73033 0.0158573
-0.749067 2.67839 0.0166984
-0.764095 2.62139 0.0121622
-0.71025 2.5862 0.0147438
-0.6895 2.5759 0.0160778
-0.758679 2.59944 0.0157554
-0.68744 2.56048 0.0153932
-0.76016 2.47826 0.0165497
-0.688865 2.45115 0.0178902
-0.757214 2.43415 0.0131241
-0.758609 2.38701 0.0144315
-0.720468 2.39727 0.0153436
-0.720757 2.28095 0.0154762
-0.737125 2.32598 0.0169594
-0.755348 2.34516 0.0152741
-0.779611 2.28764 0.0170752
-0.715105 2.24649 0.0172047
-0.794409 2.22276 0.0164544
-0.704365 2.21691 0.0136276
-0.722461 2.14752 0.0152911
-0.713439 2.1382 0.0166886
-0.769766 2.0856 0.0147575
-0.758845 2.06421 0.0147052
-0.759773 1.96846 0.0128751
-0.737818 1.99776 0.0157765
-0.793491 1.87848 0.0149052
-0.760158 1.93439 0.0138656
-0.769097 1.88871 0.015182
-0.765257 1.84984 0.0154074
-0.791286 1.79819 0.0163255
-0.745301 1.79481 0.0159567
-0.719302 1.82549 0.0134527
-0.710721 1.71703 0.013474
-0.797249 1.75368 0.0155368
-0.765761 1.67053 0.012625
-0.792392 1.66234 0.0145052
-0.758825 1.62803 0.0144193
-0.79439 1.58644 0.0152071
-0.791985 1.53399 0.0151559
-0.788676 1.53478 0.0142053
-0.819671 1.52969 0.0148011
-0.79179 1.45582 0.0132895
-0.81206 1.42311 0.0137256
-0.814303 1.38655 0.0147865
-0.794938 1.3759 0.0151245
-0.785999 1.30793 0.0140967
-0.801979 1.31526 0.0139921
-0.852983 1.25966 0.0149972
-0.791898 1.22117 0.0138642
-0.85038 1.23629 0.0130035
-0.820981 1.16365 0.0137296
-0.833397 1.16039 0.0154999
-0.82171 1.13064 0.0129956
-0.845325 1.04812 0.014516
-0.830415 1.05408 0.0152462
-0.890624 0.996596 0.015406
-0.87363 1.04566 0.0159507
-0.900787 0.979433 0.0171852
-0.863002 0.963232 0.01649
-0.821828 0.896861 0.0171492
-0.873104 0.894181 0.0156568
-0.895234 0.885805 0.0162415
-0.889077 0.809261 0.0159239
-0.83549 0.828785 0.0146157
-0.81231 0.769345 0.0149663
-0.888185 0.756253 0.0165531
-0.842663 0.682312 0.015058
-0.892288 0.686982 0.0174332
-0.863178 0.666826 0.013944
-0.859687 0.624306 0.0150724
-0.832177 0.64935 0.0109622
-0.876203 0.579128 0.0144542
-0.895913 0.568122 0.0159222
-0.936835 0.507926 0.0117747
-0.873262 0.529796 0.0132032
-0.892059 0.487033 0.0125391
-0.878981 0.363602 0.0147539
-0.905326 0.403128 0.0141649
-0.905248 0.330024 0.0134621
-0.893601 0.272938 0.0139667
-0.897965 0.310809 0.0142407
-0.946825 0.295347 0.0154412
-0.911807 0.190408 0.015215
-0.913663 0.247184 0.0161169
-0.844013 0.165989 0.015949
-0.936699 0.098456 0.0153442
-0.905579 0.150087 0.0163055
-0.903302 0.169675 0.0172267
-0.858767 0.0753122 0.0172604
-0.884971 0.041743 0.017212
-0.949149 -0.0406564 0.0168789
-0.893257 -0.0272182 0.0167349
-0.948487 -0.0442522 0.0142635
-0.890157 -0.129218 0.0149903
-0.966868 -0.098912 0.0159984
-0.931499 -0.171997 0.0129519
-0.909981 -0.147716 0.0129674
-0.963608 -0.25559 0.0148979
-0.936374 -0.280363 0.0145104
-0.962909 -0.289471 0.0120832
-0.959824 -0.321188 0.0141951
-0.956366 -0.306211 0.0146257
-0.941826 -0.417203 0.0136056
-0.94857 -0.427717 0.0141719
-1.07136 -0.418065 0.0144313
-0.944449 -0.457918 0.0142035
-1.01245 -0.48575 0.0135814
-1.03126 -0.472688 0.0140577
-1.02835 -0.568502 0.0147587
-1.09413 -0.531022 0.0160288
-1.06472 -0.539475 0.0179934
-1.09149 -0.556387 0.015342
-1.13771 -0.581465 0.0148222
-1.12553 -0.575773 0.0125689
-1.16078 -0.629886 0.0146983
-1.1759 -0.692903 0.015663
-1.16757 -0.730254 0.0123422
-1.18365 -0.726845 0.0152165
-1.19147 -0.719441 0.0136891
-1.1812 -0.742464 0.0153373
-1.21974 -0.786941 0.0163398
-1.29691 -0.867481 0.0154975
-1.19625 -0.889655 0.0185748
-1.28481 -0.855929 0.0150185
-1.28302 -0.970699 0.01495
-1.28521 -0.932644 0.0152031
-1.27634 -0.982881 0.0190467
-1.29856 -0.963995 0.0153357
-1.31451 -1.05609 0.0144879
-1.30858 -1.06851 0.0156771
-1.32432 -1.04956 0.0186691
-1.34159 -1.09552 0.0160058
-1.29683 -1.12024 0.015761
-1.35406 -1.11562 0.0163416
-1.31776 -1.20172 0.0140622
-1.3341 -1.15595 0.0160513
-1.36609 -1.18959 0.0127363
-1.31626 -1.2898 0.0110934
-1.37141 -1.27649 0.0126867
-1.33621 -1.3418 0.0140426
-1.3568 -1.32335 0.0144666
-1.39576 -1.33676 0.015294
-1.33176 -1.44299 0.0154191
-1.2953 -1.44552 0.0168959
-1.37451 -1.47689 0.0168193
-1.33343 -1.52997 0.0163398
-1.30768 -1.53513 0.0102645
-1.33874 -1.56475 0.0114609
-1.27831 -1.58032 0.0140172
-1.26712 -1.66945 0.0152478
-1.34003 -1.63583 0.0115396
-1.29713 -1.68538 0.0132365
-1.19304 -1.67644 0.0147318
-1.21169 -1.76776 0.0137454
-1.20245 -1.72807 0.0128714
-1.26278 -1.79206 0.0143488
-1.23404 -1.87144 0.0131086
-1.16425 -1.83041 0.0107358
-1.19385 -1.85093 0.00952004
-1.16911 -1.89349 0.0111044
-1.06113 -1.95134 0.0122001
-1.12732 -1.96489 0.0142573
-1.00723 -1.98533 0.0134573
-1.06596 -2.00022 0.0139556
-0.999507 -2.02517 0.0136229
-0.927616 -2.07039 0.0126195
-0.97496 -2.01541 0.0129691
-1.00271 -2.09005 0.0142228
-0.977605 -2.11015 0.0151979
-0.877021 -2.1583 0.0148418
-0.874726 -2.16586 0.0137895
-0.850224 -2.13438 0.0122298
-0.814923 -2.20782 0.0118953
-0.821921 -2.19364 0.0128201
-0.811278 -2.23324 0.0140977
-0.820207 -2.25095 0.0117435
-0.802869 -2.31643 0.012651
-0.752054 -2.28895 0.0140554
-0.645805 -2.33178 0.0135999
-0.611528 -2.2655 0.0131275
-0.630444 -2.30988 0.0132609
-0.570334 -2.36921 0.0142387
-0.562177 -2.32815 0.0151171
-0.478837 -2.33871 0.0154821
-0.533277 -2.35033 0.0164161
-0.471454 -2.3287 0.0154565
-0.433602 -2.31243 0.0104042
-0.389262 -2.43648 0.00775967
-0.336754 -2.41397 0.00779796
-0.325237 -2.38903 0.010279
-0.264904 -2.43213 0.0105293
-0.21203 -2.35656 0.0138346
-0.24383 -2.39769 0.0139625
-0.145201 -2.43622 0.00773112
-0.171516 -2.48142 0.00735933
-0.0840315 -2.44374 0.0110528
-0.0964993 -2.41788 0.013153
-0.0490719 -2.43899 0.0119994
-0.0347429 -2.40901 0.0144116
-0.0510184 -2.37976 0.00680517
0.0172776 -2.47512 0.0164007
0.0960241 -2.49064 0.00804333
0.0583338 -2.41966 0.00693996
0.132527 -2.43372 0.0113228
0.143567 -2.41358 0.0190552
0.210704 -2.43265 0.0168778
0.156926 -2.38833 0.0126784
0.2238 -2.41572 0.00652954
0.316475 -2.3456 0.00857096
0.282512 -2.42085 0.00998083
0.410863 -2.39553 0.0111968
0.392728 -2.37967 0.0117193
0.4629 -2.40612 0.00998821
0.400931 -2.37932 0.00981887
0.504982 -2.34171 0.0100645
0.452525 -2.33073 0.0112004
0.542443 -2.26393 0.0102012
0.542607 -2.21837 0.0121446
0.657411 -2.39296 0.0134916
0.525116 -2.1267 0.011762
0.692114 -2.32206 0.0118501
0.720919 -2.21258 0.0113835
0.663801 -2.21536 0.00876592
0.756633 -2.20671 0.00898462
0.739419 -2.22721 0.0102363
0.725171 -2.11556 0.0107123
0.762546 -2.07665 0.0119123
0.843537 -2.24123 0.0123263
0.821635 -2.17783 0.00967392
0.876358 -2.14995 0.0114627
0.913705 -2.12782 0.0106174
0.924189 -2.13333 0.0115577
0.992085 -2.08562 0.0119407
0.910962 -1.96401 0.0129622
1.05087 -2.06712 0.0126651
0.977957 -1.90717 0.013295
1.01473 -1.96845 0.0144233
1.07162 -1.93122 0.0146973
1.0543 -1.92374 0.0132729
1.1043 -1.87398 0.0142666
1.07087 -1.86529 0.0117366
1.08049 -1.86921 0.01299
1.07848 -1.77309 0.0127945
1.14386 -1.7915 0.0106595
1.13989 -1.77637 0.0122857
1.18703 -1.73452 0.0117308
1.21402 -1.71239 0.0129107
1.15431 -1.66151 0.0131629
1.2246 -1.6569 0.0141215
1.21521 -1.58207 0.0122859
1.21299 -1.61645 0.012604
1.19629 -1.56075 0.0136489
1.17642 -1.52897 0.0112926
1.23296 -1.51475 0.0129878
1.24706 -1.48566 0.0132131
1.22413 -1.41051 0.0140307
1.18064 -1.39661 0.010314
1.2502 -1.3684 0.011744
1.20957 -1.36025 0.0125232
1.2661 -1.30008 0.0119251
1.26674 -1.27788 0.0117397
1.28495 -1.20574 0.0124225
1.2013 -1.19324 0.013099
1.17167 -1.23649 0.0135797
1.25269 -1.13102 0.0119359
1.25355 -1.13979 0.0099085
1.20504 -1.06563 0.0107298
1.16615 -1.04448 0.0107962
1.21592 -1.02313 0.0104617
1.18049 -0.960901 0.0132217
1.19901 -0.92648 0.0110291
1.18645 -0.939885 0.0114914
1.19157 -0.889904 0.0131835
1.1523 -0.876789 0.0118025
1.14851 -0.860247 0.0108601
1.08355 -0.827378 0.0113393
1.07068 -0.798229 0.0128945
1.08181 -0.685908 0.0156689
1.09733 -0.757999 0.0165833
1.05606 -0.714314 0.0165823
1.04701 -0.60275 0.0169559
1.1012 -0.648329 0.0138019
1.02087 -0.571449 0.015519
1.07887 -0.519036 0.0123847
1.12575 -0.513509 0.011552
1.0892 -0.454953 0.0133665
1.101 -0.414674 0.0112537
1.06553 -0.338749 0.0138942
1.04931 -0.320239 0.0131616
1.12961 -0.345012 0.0137908
1.02945 -0.278491 0.0134199
0.983699 -0.364442 0.0129922
1.09913 -0.270258 0.0121473
1.14652 -0.191455 0.0117769
1.0927 -0.194371 0.0114812
1.06518 -0.21338 0.0108586
1.02637 -0.112232 0.0106611
1.0533 -0.0677115 0.0100835
0.977064 -0.102886 0.0107568
0.947958 -0.05687 0.0137093
1.03601 -0.0179844 0.0134028
1.0607 0.00447348 0.0138706
1.02914 0.0997204 0.0145087
1.01916 0.0932926 0.0145013
1.01813 0.13149 0.0140134
1.00681 0.144262 0.014817
1.01938 0.178412 0.0149721
1.00914 0.242415 0.0113703
1.02798 0.263978 0.0137643
1.04976 0.290775 0.0144426
0.990922 0.391349 0.0142501
1.04506 0.330593 0.0149698
1.03823 0.43737 0.0160264
1.06265 0.413686 0.0180318
1.07254 0.443275 0.0172416
1.00563 0.555084 0.0156428
1.03394 0.488325 0.016106
1.04191 0.555472 0.0111039
1.0459 0.59773 0.0137061
1.03096 0.646606 0.0128395
1.07645 0.674926 0.0170897
1.04934 0.68146 0.0157258
1.08876 0.706477 0.0160219
1.00205 0.733277 0.0157684
0.997883 0.755174 0.0140128
1.09409 0.772502 0.0166048
1.04402 0.86139 0.016694
1.02849 0.78887 0.0171396
0.986256 0.92927 0.0122139
1.04597 0.90533 0.0139289
1.0004 0.986772 0.016383
0.998394 0.946933 0.0137609
1.1176 1.03001 0.0154387
0.989874 1.00143 0.0169614
1.02687 1.01569 0.0161697
1.0269 0.985459 0.0101627
0.980666 0.977054 0.0181862
0.965676 1.01737 0.0172999
1.05781 0.996865 0.0161972
1.07201 1.03169 0.014234
0.997346 1.01859 0.0136522
1.04749 0.981474 0.0148993
1.02048 1.03495 0.0154188
1.0353 1.01528 0.0140066
1.03704 0.994548 0.0153238
1.0576 1.002 0.0146564
1.06702 0.977501 0.0153624
1.00148 1.00152 0.014166
1.02099 0.963483 0.0150737
1.0274 1.00174 0.0159591
1.02288 1.02161 0.015073
1.04857 1.02004 0.0134627
1.00434 0.99675 0.0143067
1.02155 1.04009 0.0150317
1.02659 1.01525 0.0136756
1.05878 0.966635 0.0139941
1.02905 1.04098 0.014543
0.997291 0.985501 0.0150439
0.992717 1.01607 0.015735
1.00846 1.02849 0.0151898
1.01083 0.975283 0.0153644
1.0777 1.00009 0.0137397
1.00672 0.976061 0.0150643
1.02656 0.989674 0.0146112
1.04304 1.00552 0.0145083
1.04362 1.02368 0.0152809
1.01132 0.975943 0.0143332
1.0071 1.00307 0.0155896
1.07964 1.02339 0.0150043
1.09029 1.01115 0.0119909
1.02564 1.02341 0.0101595
1.05007 0.998917 0.00919637
0.987987 1.03639 0.009559
1.01278 1.03415 0.0156176
0.989824 1.02971 0.0159469
1.03461 1.05035 0.0157409
0.978244 0.984858 0.0140292
1.01606 1.00204 0.0141495
1.0226 1.01661 0.0141805
0.98653 0.977963 0.01512
1.00327 1.0018 0.0155582
1.00784 1.03132 0.0143349
1.07114 1.05507 0.0147426
0.99964 0.979191 0.0133195
0.981446 0.990566 0.014364
1.00844 1.02673 0.0154283
1.05735 1.03034 0.0151482
1.01174 1.02143 0.0152083
1.05604 1.02391 0.0139199
1.03804 0.972834 0.0164206
0.99412 0.98954 0.015891
1.00972 1.00344 0.0147728
1.04153 1.00373 0.012564
1.02894 1.02291 0.0139125
0.98495 1.03201 0.0151774
1.01479 0.99925 0.015725
1.01667 1.02621 0.0164347
1.0331 0.989801 0.0153352
0.987316 1.00654 0.015937
1.04937 0.974097 0.0157953
1.05285 0.979926 0.0161321
1.03953 1.0421 0.0153913
0.98942 1.00973 0.0161765
1.06301 1.01601 0.0168259
0.983896 0.994149 0.0167328
0.984866 1.01266 0.0175526
0.999225 0.968269 0.0184064
1.01036 1.0374 0.0177297
1.0234 0.991909 0.017749
1.05521 0.999782 0.0182452
1.00112 1.02863 0.0173082
1.08284 1.01166 0.0142771
1.04127 1.01302 0.014565
0.975227 1.02427 0.0122734
1.02829 0.992223 0.0145722
1.00791 0.989851 0.0157575
0.950358 1.00251 0.0156745
1.0488 0.989312 0.0157628
0.985692 0.969819 0.014457
1.02404 0.980643 0.0156611
1.04008 1.00013 0.013997
1.00596 1.04695 0.0138752
0.981316 1.0178 0.014027
1.03945 1.01122 0.0153997
1.02494 1.00246 0.0154611
1.03918 1.00512 0.0167879
1.01401 1.02302 0.0178947
1.02375 1.00463 0.0182975
1.04007 1.01298 0.0161727
1.04072 1.03252 0.0178421
1.09195 1.0303 0.0172571
1.02196 1.03276 0.0155347
1.01979 0.971463 0.0165602
1.03357 1.01384 0.016403
1.03547 1.00645 0.0156001
0.989444 1.02062 0.0160329
1.01323 0.993901 0.0165402
1.06354 1.02218 0.0125094
0.994621 1.03832 0.0142964
0.977688 1.02981 0.0151737
1.04091 1.04476 0.0158821
1.01771 0.978063 0.0150934
1.06552 0.994739 0.0167255
1.01354 0.992316 0.0184007
1.06238 0.975302 0.014572
0.998938 1.01909 0.0158119
1.00961 1.0037 0.017802
1.02626 1.03965 0.0164621
1.00111 1.01106 0.0189887
1.04076 1.02479 0.0173185
1.04525 1.00511 0.0168662
1.0442 1.01117 0.0141409
1.01257 1.01849 0.0153228
1.02292 0.987138 0.0149957
1.00187 1.02623 0.0147299
1.03552 0.975697 0.0139266
1.03552 0.975697 0.0123332
1.03552 0.975697 0.013775
1.03552 0.975697 0.0146932
1.03552 0.975697 0.00951529
1.03552 0.975697 0.0105962
1.03552 0.975697 0.00986767
1.03552 0.975697 0.010797
1.03552 0.975697 0.0105104
1.03552 0.975697 0.00951613
1.03381 0.999846 0.0118842
1.03552 0.975697 0.0145875
1.03552 0.975697 0.013314
1.03552 0.975697 0.0132912
1.03552 0.975697 0.0138895
1.03552 0.975697 0.0155151
1.03552 0.975697 0.0140861
